Date,Open,High,Low,Close,Volume,Dividend
2009-10-02,13.3,14.34,13.05,14.06,5312100,0
2009-10-05,13.86,14.25,13.74,14.0,685200,0
2009-10-06,14.0,14.05,13.84,14.0,413600,0
2009-10-07,13.9,14.0,13.39,13.51,227900,0
2009-10-08,13.5,13.6,12.35,12.98,417200,0
2009-10-09,12.76,13.1,12.35,12.87,395300,0
2009-10-12,13.29,13.3,12.37,12.38,136500,0
2009-10-13,12.27,12.5,11.75,12.1,194000,0
2009-10-14,12.03,12.23,11.85,12.05,281800,0
2009-10-15,11.93,12.5,11.89,12.27,68400,0
2009-10-16,12.5,12.85,12.1,12.5,190900,0
2009-10-19,12.79,12.79,12.21,12.61,56300,0
2009-10-20,12.61,12.8,12.45,12.62,45900,0
2009-10-21,12.84,12.84,12.4,12.68,27200,0
2009-10-22,12.55,13.0,12.55,12.88,113900,0
2009-10-23,12.77,13.0,12.6,12.87,83600,0
2009-10-26,12.9,13.0,12.62,12.83,84700,0
2009-10-27,12.63,13.0,12.61,12.96,97100,0
2009-10-28,12.84,12.95,12.5,12.9,89300,0
2009-10-29,12.99,13.75,12.9,13.12,107800,0
2009-10-30,13.2,13.25,12.96,13.05,58000,0
2009-11-02,13.05,13.53,13.0,13.24,66000,0
2009-11-03,13.01,13.81,13.0,13.65,197000,0
2009-11-04,13.84,14.35,13.55,14.18,88900,0
2009-11-05,14.0,14.28,13.61,14.27,252600,0
2009-11-06,14.06,14.08,13.57,14.06,13700,0
2009-11-09,14.28,14.92,14.08,14.36,119500,0
2009-11-10,14.5,14.88,14.06,14.28,168700,0
2009-11-11,14.65,15.32,14.5,15.18,174400,0
2009-11-12,14.99,15.25,14.22,14.6,79500,0
2009-11-13,14.76,14.8,14.35,14.46,36400,0
2009-11-16,15.29,15.29,13.26,13.45,89300,0
2009-11-17,13.43,14.07,13.19,13.21,102000,0
2009-11-18,13.23,13.3,12.38,12.53,208600,0
2009-11-19,12.5,12.69,12.25,12.68,50600,0
2009-11-20,12.53,12.8,12.38,12.76,57700,0
2009-11-23,12.81,13.23,12.76,13.07,17300,0
2009-11-24,12.96,13.0,12.68,12.8,23100,0
2009-11-25,12.75,12.8,12.64,12.8,15100,0
2009-11-27,12.61,12.83,12.53,12.69,16500,0
2009-11-30,12.62,13.31,12.51,12.68,50100,0
2009-12-01,12.53,13.26,12.53,12.99,73500,0
2009-12-02,13.14,13.15,12.69,12.89,56300,0
2009-12-03,12.93,13.5,12.9,13.13,71700,0
2009-12-04,13.48,14.12,13.19,13.95,187800,0
2009-12-07,13.78,14.02,13.56,13.77,38400,0
2009-12-08,13.7,13.7,13.25,13.38,24200,0
2009-12-09,13.55,14.33,13.2,13.4,57900,0
2009-12-10,13.6,13.6,12.75,13.21,75400,0
2009-12-11,13.25,13.32,12.9,13.31,64400,0
2009-12-14,13.32,13.32,12.64,12.94,100400,0
2009-12-15,13.1,13.24,12.63,13.11,76700,0
2009-12-16,13.04,13.33,12.26,12.35,135100,0
2009-12-17,12.26,12.71,12.02,12.08,86000,0
2009-12-18,12.43,12.9,12.21,12.4,662500,0
2009-12-21,12.49,12.93,12.36,12.85,78000,0
2009-12-22,12.98,12.98,12.39,12.51,148500,0
2009-12-23,12.65,12.69,12.38,12.56,97300,0
2009-12-24,12.51,12.79,12.5,12.58,23500,0
2009-12-28,12.53,12.97,12.4,12.49,69700,0
2009-12-29,12.65,12.65,12.31,12.44,45700,0
2009-12-30,12.44,12.7,12.25,12.65,16100,0
2009-12-31,12.71,12.76,12.41,12.69,33400,0
2010-01-04,12.81,12.83,12.39,12.39,71500,0
2010-01-05,12.44,12.49,12.2,12.32,90700,0
2010-01-06,12.42,13.21,12.41,12.93,126400,0
2010-01-07,13.04,13.73,12.66,13.66,119800,0
2010-01-08,13.7,14.02,13.3,13.6,118600,0
2010-01-11,13.81,13.81,13.26,13.46,116300,0
2010-01-12,13.42,13.82,13.21,13.3,58100,0
2010-01-13,13.41,13.5,13.2,13.31,24200,0
2010-01-14,13.33,13.41,13.21,13.3,53700,0
2010-01-15,13.32,13.32,13.04,13.2,64700,0
2010-01-19,13.13,13.26,13.04,13.1,62100,0
2010-01-20,13.05,13.29,12.91,13.05,57100,0
2010-01-21,13.24,13.24,12.75,12.85,27400,0
2010-01-22,12.88,12.88,12.25,12.53,56300,0
2010-01-25,12.59,12.71,12.52,12.61,46800,0
2010-01-26,12.53,12.64,12.26,12.37,143100,0
2010-01-27,12.29,12.53,12.26,12.51,56300,0
2010-01-28,12.74,12.74,12.09,12.24,41800,0
2010-01-29,12.32,12.7,12.05,12.07,48200,0
2010-02-01,12.11,12.72,11.74,12.1,94000,0
2010-02-02,12.06,12.24,11.69,11.9,132800,0
2010-02-03,11.88,11.88,11.14,11.28,201400,0
2010-02-04,11.26,11.26,10.74,10.79,94700,0
2010-02-05,10.87,10.87,10.5,10.55,82700,0
2010-02-08,10.56,10.8,10.56,10.67,63200,0
2010-02-09,10.82,10.82,10.55,10.62,52200,0
2010-02-10,10.59,10.79,10.18,10.31,77800,0
2010-02-11,10.3,10.77,10.18,10.66,88600,0
2010-02-12,10.67,10.77,10.43,10.49,231000,0
2010-02-16,10.6,10.6,10.33,10.49,88800,0
2010-02-17,10.57,10.71,10.37,10.54,95500,0
2010-02-18,10.55,10.9,10.55,10.9,81900,0
2010-02-19,10.91,11.4,10.7,11.36,82400,0
2010-02-22,11.61,11.78,11.24,11.41,100500,0
2010-02-23,11.33,11.33,10.82,11.02,438300,0
2010-02-24,11.27,11.28,10.4,10.99,98700,0
2010-02-25,10.86,11.23,10.64,11.15,49100,0
2010-02-26,11.24,11.49,11.03,11.31,48900,0
2010-03-01,11.31,11.99,11.31,11.81,102000,0
2010-03-02,11.86,12.45,11.86,12.35,61500,0
2010-03-03,12.4,12.73,12.03,12.51,110300,0
2010-03-04,12.65,12.65,12.5,12.52,27000,0
2010-03-05,12.54,12.76,12.14,12.76,21100,0
2010-03-08,12.79,12.86,12.49,12.53,37800,0
2010-03-09,12.43,12.69,12.09,12.66,27000,0
2010-03-10,12.62,13.2,12.61,12.79,137500,0
2010-03-11,12.73,12.88,12.65,12.87,53500,0
2010-03-12,12.93,12.93,12.71,12.86,22500,0
2010-03-15,12.89,12.91,12.58,12.69,47400,0
2010-03-16,12.77,12.94,12.52,12.81,64000,0
2010-03-17,12.79,13.0,12.68,12.87,15700,0
2010-03-18,12.84,13.05,12.75,12.8,12900,0
2010-03-19,12.91,12.91,12.76,12.86,35200,0
2010-03-22,12.8,13.04,12.79,12.99,22100,0
2010-03-23,12.96,13.25,12.76,13.19,118900,0
2010-03-24,13.15,13.27,12.88,13.26,83000,0
2010-03-25,13.3,13.3,12.84,13.1,69700,0
2010-03-26,13.06,13.15,12.91,13.01,75600,0
2010-03-29,13.01,13.45,13.01,13.25,54000,0
2010-03-30,13.38,13.5,12.96,13.4,46100,0
2010-03-31,13.25,13.28,12.64,12.91,174600,0
2010-04-01,12.92,13.44,12.57,12.75,42500,0
2010-04-05,13.08,13.35,12.97,13.0,26200,0
2010-04-06,13.0,13.3,12.93,13.22,30200,0
2010-04-07,13.12,13.49,12.91,13.05,31100,0
2010-04-08,13.35,13.42,13.02,13.24,28600,0
2010-04-09,13.33,13.45,13.08,13.32,23100,0
2010-04-12,13.39,13.5,13.12,13.44,16100,0
2010-04-13,13.45,13.7,13.05,13.66,40100,0
2010-04-14,13.67,13.68,13.26,13.55,45800,0
2010-04-15,13.52,13.57,13.34,13.57,49200,0
2010-04-16,13.46,13.55,13.09,13.35,26500,0
2010-04-19,13.15,13.25,12.8,12.95,45000,0
2010-04-20,13.06,13.25,12.88,13.05,50900,0
2010-04-21,12.97,13.47,12.97,13.1,59500,0
2010-04-22,12.96,13.3,12.77,13.15,75000,0
2010-04-23,13.07,13.75,13.07,13.7,52100,0
2010-04-26,13.63,13.79,13.52,13.69,148600,0
2010-04-27,13.41,13.71,13.33,13.46,32000,0
2010-04-28,13.59,13.73,13.26,13.37,43200,0
2010-04-29,13.52,13.75,13.38,13.54,125800,0
2010-04-30,13.7,13.7,13.43,13.49,96500,0
2010-05-03,13.51,13.74,13.51,13.6,162800,0
2010-05-04,13.47,13.65,12.93,13.54,127300,0
2010-05-05,13.4,13.6,13.06,13.42,51500,0
2010-05-06,13.25,13.85,12.64,13.05,174500,0
2010-05-07,14.0,14.0,12.52,13.18,71000,0
2010-05-10,13.15,13.86,12.5,13.59,78200,0
2010-05-11,12.75,13.55,12.74,13.51,125600,0
2010-05-12,13.5,13.6,13.12,13.28,212100,0
2010-05-13,13.28,13.5,13.08,13.28,289500,0
2010-05-14,13.01,13.2,12.93,13.07,80700,0
2010-05-17,13.12,13.38,12.85,13.31,82800,0
2010-05-18,13.35,13.42,13.1,13.28,104700,0
2010-05-19,13.35,13.84,12.93,13.56,150600,0
2010-05-20,13.29,13.29,13.0,13.16,86500,0
2010-05-21,12.9,13.74,12.61,13.18,54200,0
2010-05-24,13.14,13.35,12.88,12.91,35800,0
2010-05-25,12.66,13.07,12.63,13.0,47300,0
2010-05-26,12.65,13.74,12.64,13.0,377100,0
2010-05-27,13.2,13.42,12.82,13.28,45900,0
2010-05-28,12.7,13.38,12.7,13.12,37200,0
2010-06-01,12.75,13.24,12.75,13.02,60000,0
2010-06-02,12.96,13.34,12.77,13.32,38300,0
2010-06-03,13.29,13.4,13.01,13.36,54200,0
2010-06-04,13.16,13.4,13.02,13.05,44700,0
2010-06-07,13.08,13.15,12.82,12.85,47700,0
2010-06-08,12.67,12.71,12.26,12.29,44500,0
2010-06-09,12.47,12.67,12.02,12.18,36300,0
2010-06-10,12.35,12.35,11.87,11.98,50600,0
2010-06-11,11.84,12.24,11.84,11.96,31200,0
2010-06-14,12.09,12.9,12.09,12.38,59000,0
2010-06-15,12.39,12.9,11.96,12.79,38900,0
2010-06-16,12.65,13.21,12.35,12.95,48600,0
2010-06-17,12.97,13.22,12.74,13.02,25300,0
2010-06-18,13.12,13.25,12.98,13.1,44100,0
2010-06-21,13.19,13.38,12.99,13.33,86900,0
2010-06-22,13.38,13.44,13.15,13.25,56000,0
2010-06-23,13.24,13.25,12.91,13.03,36900,0
2010-06-24,12.95,13.25,12.55,12.86,101900,0
2010-06-25,12.37,13.46,12.37,13.31,1059900,0
2010-06-28,13.24,13.4,12.77,13.27,35500,0
2010-06-29,13.12,13.39,12.45,12.53,54200,0
2010-06-30,12.51,12.97,11.8,12.21,30200,0
2010-07-01,12.26,12.96,11.98,12.62,73700,0
2010-07-02,12.72,12.97,11.84,12.65,11600,0
2010-07-06,12.79,13.19,12.69,12.84,53400,0
2010-07-07,12.93,13.28,12.93,13.28,48200,0
2010-07-08,13.77,13.85,13.33,13.43,78400,0
2010-07-09,13.4,13.43,13.25,13.3,43200,0
2010-07-12,13.3,13.42,13.0,13.13,33300,0
2010-07-13,13.28,13.49,13.1,13.45,66700,0
2010-07-14,13.35,13.5,13.31,13.44,44300,0
2010-07-15,13.3,13.41,12.69,12.69,105000,0
2010-07-16,12.71,12.74,12.18,12.33,124300,0
2010-07-19,12.25,12.25,11.75,11.95,35400,0
2010-07-20,11.77,12.02,10.73,11.82,103200,0
2010-07-21,11.8,11.94,11.25,11.28,36400,0
2010-07-22,11.46,11.57,11.15,11.53,158900,0
2010-07-23,11.46,11.9,11.3,11.75,79400,0
2010-07-26,11.9,12.39,11.57,11.68,112900,0
2010-07-27,11.75,11.78,11.31,11.37,48500,0
2010-07-28,11.34,11.77,11.29,11.75,136900,0
2010-07-29,11.63,11.63,11.41,11.61,7800,0
2010-07-30,11.47,12.49,11.47,11.96,48100,0
2010-08-02,12.11,12.11,11.65,11.83,85600,0
2010-08-03,12.2,12.25,11.64,11.84,42900,0
2010-08-04,11.92,13.0,11.92,12.86,104300,0
2010-08-05,12.73,13.29,12.04,13.0,49600,0
2010-08-06,13.0,13.03,12.5,13.0,60100,0
2010-08-09,13.05,13.17,12.71,13.14,37300,0
2010-08-10,12.99,13.3,12.92,13.19,87500,0
2010-08-11,13.06,13.18,12.79,12.82,82800,0
2010-08-12,12.66,12.99,12.46,12.75,42700,0
2010-08-13,12.68,12.71,12.36,12.66,57800,0
2010-08-16,12.56,12.95,12.24,12.44,40900,0
2010-08-17,12.59,12.75,12.37,12.62,26800,0
2010-08-18,12.57,12.65,12.25,12.51,22900,0
2010-08-19,12.43,12.5,11.81,11.93,51800,0
2010-08-20,11.87,12.58,11.68,12.28,30600,0
2010-08-23,12.38,12.79,12.11,12.13,29100,0
2010-08-24,11.98,12.48,11.93,12.19,21400,0
2010-08-25,12.09,12.27,11.99,12.26,58000,0
2010-08-26,12.28,12.73,12.28,12.66,33400,0
2010-08-27,12.75,13.07,12.49,13.06,29000,0
2010-08-30,12.97,13.15,12.51,12.55,25900,0
2010-08-31,12.58,12.58,12.33,12.48,16500,0
2010-09-01,12.69,12.85,12.21,12.63,44400,0
2010-09-02,12.64,12.85,12.22,12.43,31000,0
2010-09-03,12.85,12.86,12.69,12.82,27000,0
2010-09-07,12.8,12.9,12.33,12.38,15300,0
2010-09-08,12.45,13.05,12.22,12.88,35200,0
2010-09-09,13.0,13.04,12.87,13.01,47600,0
2010-09-10,13.02,13.02,12.65,12.87,17900,0
2010-09-13,13.0,13.0,12.57,12.91,41800,0
2010-09-14,12.9,13.0,12.67,12.78,32800,0
2010-09-15,12.76,12.86,12.63,12.8,25000,0
2010-09-16,12.6,12.81,12.23,12.34,53700,0
2010-09-17,12.5,12.74,11.8,12.61,70600,0
2010-09-20,12.43,12.88,12.43,12.86,42500,0
2010-09-21,12.84,12.84,12.53,12.58,19500,0
2010-09-22,12.56,12.75,11.67,12.17,55800,0
2010-09-23,12.1,12.27,11.69,11.87,31300,0
2010-09-24,12.05,12.48,12.05,12.25,30800,0
2010-09-27,12.29,12.75,11.93,12.75,146300,0
2010-09-28,12.75,12.75,12.25,12.66,16800,0
2010-09-29,12.65,12.99,12.65,12.97,33700,0
2010-09-30,12.97,13.3,12.69,12.77,80800,0
2010-10-01,12.78,13.15,12.73,12.99,35600,0
2010-10-04,13.0,13.09,12.66,12.76,70400,0
2010-10-05,12.88,13.01,12.74,12.75,69600,0
2010-10-06,12.72,12.89,11.91,12.01,82000,0
2010-10-07,12.12,12.54,11.95,12.23,49500,0
2010-10-08,12.13,12.78,12.13,12.69,182000,0
2010-10-11,12.72,12.73,12.59,12.66,71100,0
2010-10-12,12.68,12.76,12.57,12.72,71200,0
2010-10-13,12.73,13.43,12.65,13.31,118700,0
2010-10-14,13.45,13.75,13.3,13.71,79700,0
2010-10-15,13.96,14.07,13.9,14.01,103800,0
2010-10-18,13.99,14.08,13.71,14.08,38900,0
2010-10-19,13.9,14.18,13.9,14.09,32400,0
2010-10-20,14.19,14.57,14.01,14.45,64400,0
2010-10-21,14.5,14.58,14.44,14.53,55600,0
2010-10-22,14.5,14.99,14.43,14.74,82000,0
2010-10-25,14.75,16.09,14.71,15.81,190600,0
2010-10-26,15.9,15.9,15.1,15.17,1115900,0
2010-10-27,15.04,15.14,14.27,14.33,175900,0
2010-10-28,14.4,14.98,14.12,14.27,129000,0
2010-10-29,14.25,14.74,14.11,14.2,152600,0
2010-11-01,14.15,14.2,13.73,14.13,187900,0
2010-11-02,14.28,14.39,14.0,14.11,43100,0
2010-11-03,14.17,14.76,14.05,14.76,169300,0
2010-11-04,11.9,13.25,11.69,12.0,1087000,0
2010-11-05,12.0,12.13,11.57,11.9,347300,0
2010-11-08,11.84,11.97,11.15,11.26,328800,0
2010-11-09,11.31,11.31,10.75,10.8,328600,0
2010-11-10,10.82,10.96,10.54,10.6,510900,0
2010-11-11,10.5,10.55,9.96,10.04,382100,0
2010-11-12,10.04,10.36,9.92,10.21,225800,0
2010-11-15,10.72,10.82,10.25,10.51,426400,0
2010-11-16,10.4,10.43,9.85,10.15,252000,0
2010-11-17,10.21,10.8,10.05,10.46,151300,0
2010-11-18,10.56,10.78,10.4,10.48,141300,0
2010-11-19,10.48,10.53,10.4,10.47,120200,0
2010-11-22,10.36,10.64,10.17,10.52,100800,0
2010-11-23,10.43,10.94,10.29,10.86,154500,0
2010-11-24,11.0,11.49,10.87,11.34,250800,0
2010-11-26,11.39,11.39,11.04,11.1,54100,0
2010-11-29,11.02,11.49,10.91,11.44,122700,0
2010-11-30,11.48,11.48,10.96,11.45,138600,0
2010-12-01,11.55,11.8,11.4,11.43,156100,0
2010-12-02,11.42,11.59,11.23,11.5,92300,0
2010-12-03,11.5,11.5,11.14,11.37,55800,0
2010-12-06,11.32,11.66,11.14,11.35,92400,0
2010-12-07,11.44,11.65,11.27,11.62,93000,0
2010-12-08,11.65,12.0,11.53,11.64,62400,0
2010-12-09,11.75,12.0,11.69,11.91,213300,0
2010-12-10,11.95,12.0,11.76,12.0,120100,0
2010-12-13,12.0,12.2,11.88,11.91,197000,0
2010-12-14,12.0,12.11,11.91,12.04,198600,0
2010-12-15,12.0,12.59,11.8,11.86,211200,0
2010-12-16,11.85,12.11,11.76,12.03,72400,0
2010-12-17,12.09,12.13,11.57,11.67,192300,0
2010-12-20,11.74,11.85,10.59,11.01,299700,0
2010-12-21,11.14,11.54,10.9,11.29,164900,0
2010-12-22,11.38,11.71,11.13,11.67,95800,0
2010-12-23,11.64,11.9,11.5,11.59,52800,0
2010-12-27,11.61,11.61,11.32,11.42,31900,0
2010-12-28,11.4,11.41,11.22,11.36,35600,0
2010-12-29,11.4,11.66,11.25,11.63,57400,0
2010-12-30,11.54,12.1,11.54,11.81,101200,0
2010-12-31,11.63,12.69,11.63,12.04,217400,0
2011-01-03,12.26,12.48,11.64,11.92,159200,0
2011-01-04,11.81,12.15,11.57,11.93,91600,0
2011-01-05,11.95,12.13,11.9,12.03,105500,0
2011-01-06,12.06,12.25,12.0,12.21,52500,0
2011-01-07,12.26,12.26,11.9,12.01,55900,0
2011-01-10,12.0,12.1,11.62,11.78,82500,0
2011-01-11,11.84,12.23,11.78,12.08,60000,0
2011-01-12,12.16,12.4,11.97,12.06,88500,0
2011-01-13,12.09,12.38,12.03,12.34,63500,0
2011-01-14,12.4,12.42,12.21,12.38,63200,0
2011-01-18,12.38,12.83,12.28,12.74,117800,0
2011-01-19,12.77,12.82,12.47,12.51,72800,0
2011-01-20,12.57,12.85,11.8,11.87,111600,0
2011-01-21,11.98,12.23,11.59,11.91,90100,0
2011-01-24,11.86,12.17,11.56,11.89,55800,0
2011-01-25,11.89,12.14,11.57,12.02,63000,0
2011-01-26,12.09,12.49,12.07,12.25,76000,0
2011-01-27,12.28,12.37,12.09,12.14,81000,0
2011-01-28,12.17,12.17,11.5,11.51,67600,0
2011-01-31,11.68,11.83,11.47,11.62,107000,0
2011-02-01,11.85,12.34,11.17,11.94,181400,0
2011-02-02,11.96,12.41,11.9,12.24,47400,0
2011-02-03,12.2,12.3,11.87,12.09,43100,0
2011-02-04,12.04,12.24,11.9,12.14,63400,0
2011-02-07,12.3,13.27,12.29,12.54,234200,0
2011-02-08,12.54,12.67,12.35,12.5,38600,0
2011-02-09,12.46,12.65,12.35,12.37,33600,0
2011-02-10,12.3,12.58,12.29,12.41,29400,0
2011-02-11,12.32,12.87,12.29,12.85,43900,0
2011-02-14,12.9,12.97,12.58,12.61,46200,0
2011-02-15,12.6,12.75,12.6,12.72,43800,0
2011-02-16,12.9,13.72,12.79,13.38,280500,0
2011-02-17,13.49,14.0,13.26,13.49,124800,0
2011-02-18,13.55,13.7,13.28,13.35,101600,0
2011-02-22,13.25,13.5,13.13,13.3,76100,0
2011-02-23,13.18,13.3,12.75,13.23,140000,0
2011-02-24,13.16,13.26,11.59,12.0,992600,0
2011-02-25,12.24,12.25,11.89,11.95,221400,0
2011-02-28,12.01,12.09,11.67,11.82,273000,0
2011-03-01,11.89,11.99,11.7,11.75,271100,0
2011-03-02,11.77,12.32,11.77,12.19,422200,0
2011-03-03,12.27,12.56,12.23,12.5,113700,0
2011-03-04,12.53,12.54,12.27,12.49,117700,0
2011-03-07,12.51,12.54,12.05,12.26,56700,0
2011-03-08,12.25,12.7,12.12,12.48,75900,0
2011-03-09,12.44,12.6,12.3,12.5,54200,0
2011-03-10,12.37,12.45,12.06,12.35,97500,0
2011-03-11,12.32,12.62,12.14,12.48,55100,0
2011-03-14,12.34,12.39,11.86,12.29,49400,0
2011-03-15,11.98,12.28,11.98,12.25,23100,0
2011-03-16,12.2,12.25,12.05,12.21,67900,0
2011-03-17,12.39,12.39,12.18,12.28,139900,0
2011-03-18,12.34,12.45,12.3,12.43,74500,0
2011-03-21,12.5,12.6,12.31,12.54,97400,0
2011-03-22,12.56,12.6,12.43,12.52,73200,0
2011-03-23,12.47,12.81,12.25,12.54,182300,0
2011-03-24,12.56,12.56,12.31,12.41,85000,0
2011-03-25,12.42,12.7,12.23,12.25,83600,0
2011-03-28,12.31,12.44,12.25,12.43,38000,0
2011-03-29,12.46,12.76,12.41,12.47,52200,0
2011-03-30,12.54,12.8,12.48,12.65,64800,0
2011-03-31,12.59,13.19,12.59,13.13,192300,0
2011-04-01,13.08,13.44,13.08,13.17,109700,0
2011-04-04,13.25,13.28,13.03,13.21,59800,0
2011-04-05,13.17,13.39,13.15,13.22,62500,0
2011-04-06,13.45,13.5,13.33,13.44,77200,0
2011-04-07,13.48,13.52,13.26,13.28,24000,0
2011-04-08,13.34,13.45,13.25,13.38,89800,0
2011-04-11,13.35,13.38,13.22,13.33,47400,0
2011-04-12,13.28,13.56,13.23,13.39,133000,0
2011-04-13,13.63,13.63,13.39,13.49,122700,0
2011-04-14,13.44,13.52,13.2,13.46,55700,0
2011-04-15,13.42,13.82,13.28,13.71,147000,0
2011-04-18,13.62,13.73,13.48,13.7,169900,0
2011-04-19,13.78,13.78,13.48,13.51,164700,0
2011-04-20,13.51,13.55,13.22,13.47,61500,0
2011-04-21,13.54,13.66,13.33,13.63,63100,0
2011-04-25,13.57,13.66,13.36,13.6,40400,0
2011-04-26,13.76,13.91,13.61,13.83,42100,0
2011-04-27,13.86,13.9,13.77,13.84,84800,0
2011-04-28,13.84,13.9,13.59,13.9,45800,0
2011-04-29,13.93,14.0,13.75,13.91,65000,0
2011-05-02,13.9,14.08,13.71,13.8,152900,0
2011-05-03,13.8,14.03,13.56,13.63,192200,0
2011-05-04,13.91,14.08,13.68,13.84,236000,0
2011-05-05,14.2,15.4,13.99,14.79,479900,0
2011-05-06,14.83,14.89,14.38,14.39,116000,0
2011-05-09,14.47,14.64,14.17,14.42,106300,0
2011-05-10,14.51,15.07,14.39,14.97,102600,0
2011-05-11,15.03,15.11,14.72,14.87,46400,0
2011-05-12,14.89,15.04,14.51,14.95,61800,0
2011-05-13,14.92,15.0,14.73,14.93,128300,0
2011-05-16,14.84,14.96,14.81,14.92,116000,0
2011-05-17,14.89,14.89,14.44,14.49,48900,0
2011-05-18,14.57,14.67,14.33,14.49,41000,0
2011-05-19,14.55,14.56,14.29,14.47,56600,0
2011-05-20,14.39,14.66,14.37,14.52,95500,0
2011-05-23,14.49,14.79,14.43,14.6,121900,0
2011-05-24,14.65,14.75,14.28,14.3,165000,0
2011-05-25,14.3,14.52,14.16,14.49,47900,0
2011-05-26,14.5,14.7,14.3,14.6,104600,0
2011-05-27,14.61,14.73,14.47,14.67,73000,0
2011-05-31,14.7,14.99,14.7,14.9,204100,0
2011-06-01,14.91,15.06,14.76,15.02,144500,0
2011-06-02,15.0,15.02,14.6,14.73,119900,0
2011-06-03,14.6,14.83,14.42,14.8,100500,0
2011-06-06,14.58,14.74,14.11,14.26,140900,0
2011-06-07,14.27,14.67,14.04,14.55,106700,0
2011-06-08,14.48,14.48,14.22,14.3,70700,0
2011-06-09,14.31,14.56,14.28,14.48,67300,0
2011-06-10,14.35,14.39,14.12,14.17,159600,0
2011-06-13,14.26,14.46,14.2,14.21,104000,0
2011-06-14,14.36,14.68,14.36,14.52,100100,0
2011-06-15,14.5,14.82,14.45,14.48,117300,0
2011-06-16,14.19,15.05,14.19,15.0,111400,0
2011-06-17,15.18,15.57,15.0,15.27,162900,0
2011-06-20,15.22,16.23,15.22,16.14,110000,0
2011-06-21,16.3,17.02,16.08,16.87,358000,0
2011-06-22,16.92,17.35,16.86,16.91,344600,0
2011-06-23,16.7,17.06,16.5,16.69,134600,0
2011-06-24,16.73,16.87,16.54,16.67,115900,0
2011-06-27,16.73,16.85,16.09,16.75,81400,0
2011-06-28,16.75,17.05,16.49,16.72,82700,0
2011-06-29,16.8,17.84,16.8,17.76,116000,0
2011-06-30,17.82,17.95,17.39,17.75,99000,0
2011-07-01,17.63,18.2,17.6,17.89,134700,0
2011-07-05,17.83,18.08,17.63,18.07,95000,0
2011-07-06,18.0,18.53,17.76,17.98,78200,0
2011-07-07,18.13,18.47,17.7,17.72,120200,0
2011-07-08,17.49,17.73,16.95,17.01,129100,0
2011-07-11,16.93,17.04,16.45,16.97,120400,0
2011-07-12,16.98,17.03,16.71,16.77,76300,0
2011-07-13,16.75,17.21,16.67,17.13,127900,0
2011-07-14,17.08,17.41,17.04,17.22,144700,0
2011-07-15,17.24,17.3,16.99,17.03,116000,0
2011-07-18,16.96,16.99,16.21,16.27,129400,0
2011-07-19,16.31,16.78,15.65,15.85,232400,0
2011-07-20,15.85,15.85,15.12,15.36,249300,0
2011-07-21,15.37,15.8,15.34,15.59,97100,0
2011-07-22,15.5,15.83,15.43,15.61,65600,0
2011-07-25,15.48,15.97,15.0,15.9,135600,0
2011-07-26,15.84,15.86,15.5,15.59,110500,0
2011-07-27,15.4,15.44,14.56,14.75,227000,0
2011-07-28,14.69,15.34,14.54,15.22,177900,0
2011-07-29,13.9,15.3,13.11,14.97,293600,0
2011-08-01,15.16,15.16,14.75,15.02,131000,0
2011-08-02,15.01,15.01,13.9,14.4,181500,0
2011-08-03,14.42,14.86,14.05,14.81,122200,0
2011-08-04,14.63,14.63,13.71,13.76,215900,0
2011-08-05,13.82,14.3,12.93,13.64,228700,0
2011-08-08,13.22,13.58,12.42,12.47,202200,0
2011-08-09,12.79,13.91,12.49,13.86,149400,0
2011-08-10,13.56,13.99,13.1,13.24,156800,0
2011-08-11,14.0,14.0,13.17,13.44,115600,0
2011-08-12,13.59,14.13,13.46,13.91,111200,0
2011-08-15,14.31,14.39,13.95,14.39,127000,0
2011-08-16,14.2,14.42,13.57,13.87,195700,0
2011-08-17,13.98,14.22,13.69,13.7,57700,0
2011-08-18,13.35,13.55,12.6,12.79,199100,0
2011-08-19,12.62,12.81,12.3,12.3,69600,0
2011-08-22,12.64,12.71,12.02,12.42,79000,0
2011-08-23,12.5,13.49,12.5,13.47,78300,0
2011-08-24,13.49,13.76,13.35,13.67,58600,0
2011-08-25,13.76,13.76,13.37,13.37,83100,0
2011-08-26,13.24,13.67,13.13,13.3,83900,0
2011-08-29,13.47,14.27,13.31,14.16,127500,0
2011-08-30,14.08,14.22,13.43,13.81,127600,0
2011-08-31,13.98,14.06,13.7,14.0,84600,0
2011-09-01,13.95,14.3,13.46,13.52,108200,0
2011-09-02,13.19,13.52,13.15,13.24,141200,0
2011-09-06,12.81,13.02,12.8,12.88,86800,0
2011-09-07,13.09,13.09,12.59,13.03,130400,0
2011-09-08,12.89,13.32,12.78,12.86,63600,0
2011-09-09,12.76,13.0,12.31,12.49,59300,0
2011-09-12,12.6,13.17,12.3,13.13,72600,0
2011-09-13,13.12,13.5,13.12,13.34,121100,0
2011-09-14,13.47,13.93,13.27,13.55,126900,0
2011-09-15,13.61,13.61,13.29,13.39,75200,0
2011-09-16,13.45,13.63,13.44,13.5,123400,0
2011-09-19,13.12,13.48,13.12,13.3,38600,0
2011-09-20,13.44,13.71,13.25,13.25,55500,0
2011-09-21,13.2,13.34,13.12,13.18,94000,0
2011-09-22,12.77,13.46,12.5,12.8,69400,0
2011-09-23,12.82,13.34,12.82,13.18,93100,0
2011-09-26,13.0,13.2,12.34,13.09,139900,0
2011-09-27,13.38,13.5,12.99,13.12,45300,0
2011-09-28,12.87,13.14,12.75,12.75,52400,0
2011-09-29,13.04,13.33,12.83,13.31,37000,0
2011-09-30,13.07,13.89,12.87,13.3,77100,0
2011-10-03,13.25,13.33,12.0,12.01,95300,0
2011-10-04,11.93,12.73,11.42,12.71,158900,0
2011-10-05,12.68,13.07,12.28,12.97,89500,0
2011-10-06,12.95,13.7,12.95,13.62,124400,0
2011-10-07,13.66,13.68,12.61,13.01,82800,0
2011-10-10,12.96,13.35,12.79,13.17,79100,0
2011-10-11,13.01,13.34,12.96,13.14,73400,0
2011-10-12,13.15,13.8,13.15,13.64,141800,0
2011-10-13,13.46,14.05,13.41,14.05,53600,0
2011-10-14,14.16,14.74,14.0,14.56,101100,0
2011-10-17,14.45,14.57,13.69,13.73,113400,0
2011-10-18,13.78,14.48,13.59,14.16,78000,0
2011-10-19,14.13,14.2,13.74,13.95,47500,0
2011-10-20,13.94,14.38,13.71,14.18,86800,0
2011-10-21,14.46,14.98,14.32,14.72,125300,0
2011-10-24,14.84,14.92,14.59,14.8,90700,0
2011-10-25,14.64,14.84,14.5,14.53,47800,0
2011-10-26,14.71,14.71,14.22,14.48,51100,0
2011-10-27,14.96,15.37,14.09,15.21,162000,0
2011-10-28,15.02,15.5,14.9,15.3,117700,0
2011-10-31,15.09,15.46,15.09,15.44,81600,0
2011-11-01,14.89,15.95,14.68,15.68,175100,0
2011-11-02,15.93,15.96,15.45,15.85,95000,0
2011-11-03,16.04,16.04,15.51,15.99,80300,0
2011-11-04,15.78,15.89,15.56,15.67,41900,0
2011-11-07,15.78,15.93,15.4,15.73,40700,0
2011-11-08,15.88,16.11,15.74,15.96,40900,0
2011-11-09,15.55,15.96,15.31,15.38,47500,0
2011-11-10,15.62,15.86,15.3,15.54,44200,0
2011-11-11,15.61,16.12,15.57,15.93,42700,0
2011-11-14,15.96,16.09,15.9,15.98,62600,0
2011-11-15,15.98,16.2,15.86,16.16,77600,0
2011-11-16,16.0,16.25,15.8,15.89,48200,0
2011-11-17,15.93,16.14,15.66,15.97,57200,0
2011-11-18,15.95,16.08,15.71,15.77,68300,0
2011-11-21,15.43,15.87,15.43,15.74,76100,0
2011-11-22,15.81,15.86,15.62,15.69,68400,0
2011-11-23,15.6,15.76,15.31,15.5,106000,0
2011-11-25,15.44,15.58,15.03,15.19,26400,0
2011-11-28,15.71,15.81,15.34,15.65,44500,0
2011-11-29,15.68,15.7,15.08,15.19,36600,0
2011-11-30,15.75,15.75,15.24,15.72,130100,0
2011-12-01,15.62,15.72,15.28,15.42,41000,0
2011-12-02,15.63,15.83,15.52,15.74,99300,0
2011-12-05,15.96,16.43,15.96,16.34,87300,0
2011-12-06,16.33,16.74,16.22,16.65,63100,0
2011-12-07,16.61,16.71,16.22,16.63,65800,0
2011-12-08,16.53,16.74,16.17,16.2,68300,0
2011-12-09,16.29,16.55,16.05,16.49,50800,0
2011-12-12,16.29,16.82,16.11,16.66,58900,0
2011-12-13,16.86,17.1,16.61,16.76,87300,0
2011-12-14,16.64,16.91,16.44,16.84,57800,0
2011-12-15,17.09,17.1,16.87,16.9,139200,0
2011-12-16,17.1,17.13,16.83,16.95,84100,0
2011-12-19,16.71,16.95,16.21,16.24,81900,0
2011-12-20,16.6,17.08,16.6,16.8,43300,0
2011-12-21,16.76,16.8,16.24,16.8,26500,0
2011-12-22,16.83,16.85,16.73,16.75,34500,0
2011-12-23,16.8,16.86,16.63,16.79,42600,0
2011-12-27,16.79,16.81,16.47,16.68,37600,0
2011-12-28,16.7,16.7,16.01,16.03,28200,0
2011-12-29,16.07,16.52,16.02,16.18,60700,0
2011-12-30,16.2,16.55,16.0,16.15,65900,0
2012-01-03,16.53,16.6,16.23,16.34,93200,0
2012-01-04,16.24,16.3,15.84,15.9,39900,0
2012-01-05,15.81,15.91,15.43,15.76,27000,0
2012-01-06,15.79,16.15,15.65,16.06,35200,0
2012-01-09,16.1,16.23,15.65,15.76,29800,0
2012-01-10,15.89,16.17,15.71,15.89,56600,0
2012-01-11,15.79,16.38,15.58,16.37,60500,0
2012-01-12,16.35,16.7,16.35,16.65,54300,0
2012-01-13,16.51,16.8,16.35,16.49,46700,0
2012-01-17,16.58,16.61,15.98,16.35,31900,0
2012-01-18,16.38,16.96,16.38,16.95,65100,0
2012-01-19,16.98,17.1,16.65,16.9,70900,0
2012-01-20,16.84,17.33,16.84,17.31,27200,0
2012-01-23,17.43,17.43,17.09,17.33,22200,0
2012-01-24,17.19,17.57,17.15,17.39,45600,0
2012-01-25,17.38,17.44,17.28,17.32,43200,0
2012-01-26,17.34,17.4,17.19,17.25,26600,0
2012-01-27,17.23,17.33,17.16,17.21,51700,0
2012-01-30,17.1,17.16,16.76,16.85,38900,0
2012-01-31,16.94,16.94,16.7,16.75,83800,0
2012-02-01,16.81,17.12,16.7,16.78,68900,0
2012-02-02,16.8,17.18,16.73,16.77,100800,0
2012-02-03,17.02,17.43,16.92,17.28,102100,0
2012-02-06,17.27,17.48,17.14,17.32,75100,0
2012-02-07,17.34,17.66,17.29,17.59,54500,0
2012-02-08,17.69,18.0,17.64,17.83,42500,0
2012-02-09,17.81,17.95,17.56,17.6,51100,0
2012-02-10,17.49,17.73,17.48,17.6,42100,0
2012-02-13,17.72,18.02,17.46,17.76,64800,0
2012-02-14,17.74,17.91,17.7,17.86,49300,0
2012-02-15,17.9,19.14,17.67,18.55,252000,0
2012-02-16,18.62,19.38,18.57,19.02,113200,0
2012-02-17,19.11,19.3,18.79,18.86,100500,0
2012-02-21,18.89,19.11,18.57,18.66,84300,0
2012-02-22,18.55,18.74,18.31,18.5,79500,0
2012-02-23,18.64,18.94,18.32,18.78,78000,0
2012-02-24,18.8,18.95,18.68,18.77,40500,0
2012-02-27,18.67,18.86,18.6,18.7,49500,0
2012-02-28,18.75,19.3,18.54,19.07,118200,0
2012-02-29,18.76,18.92,18.34,18.6,341500,0
2012-03-01,18.77,18.81,18.46,18.6,134500,0
2012-03-02,18.64,19.0,18.5,18.72,161600,0
2012-03-05,18.4,18.44,17.81,18.05,275200,0
2012-03-06,17.76,18.24,17.45,18.2,186500,0
2012-03-07,18.17,18.34,17.8,17.9,44900,0
2012-03-08,18.05,18.11,17.85,18.01,77300,0
2012-03-09,17.96,18.29,17.96,18.16,60800,0
2012-03-12,18.17,18.32,17.79,17.95,39100,0
2012-03-13,18.1,18.21,17.85,17.92,71600,0
2012-03-14,17.97,18.0,17.72,17.79,43700,0
2012-03-15,17.85,18.5,17.73,18.41,104000,0
2012-03-16,18.39,18.5,18.12,18.27,89700,0
2012-03-19,18.26,18.42,17.96,18.22,44700,0
2012-03-20,18.0,18.04,17.2,17.31,108900,0
2012-03-21,17.39,17.55,17.06,17.29,53600,0
2012-03-22,17.08,17.28,16.74,16.84,99800,0
2012-03-23,16.74,17.13,16.55,17.03,175000,0
2012-03-26,17.16,17.4,16.83,16.95,86700,0
2012-03-27,16.9,17.04,16.64,16.74,84400,0
2012-03-28,16.81,16.87,16.05,16.13,83000,0
2012-03-29,16.03,16.38,15.9,16.17,162900,0
2012-03-30,16.19,16.32,15.91,16.1,192200,0
2012-04-02,16.1,16.66,16.06,16.51,114000,0
2012-04-03,16.46,16.64,16.23,16.48,65700,0
2012-04-04,16.32,16.32,16.01,16.24,41400,0
2012-04-05,17.09,17.09,16.31,16.32,89900,0
2012-04-09,16.12,16.53,16.1,16.36,55500,0
2012-04-10,16.38,16.59,16.25,16.35,105200,0
2012-04-11,16.53,16.53,16.12,16.3,82700,0
2012-04-12,16.26,16.52,16.19,16.42,72500,0
2012-04-13,16.41,16.41,16.11,16.17,23000,0
2012-04-16,16.2,16.4,15.96,16.22,24600,0
2012-04-17,16.28,16.44,16.28,16.38,36500,0
2012-04-18,16.36,16.61,16.21,16.58,54900,0
2012-04-19,16.61,16.71,16.39,16.47,75200,0
2012-04-20,16.65,16.72,16.36,16.68,106500,0
2012-04-23,16.51,16.8,16.47,16.69,94300,0
2012-04-24,16.65,16.73,16.49,16.62,61200,0
2012-04-25,16.72,16.97,16.71,16.95,45100,0
2012-04-26,16.87,16.93,16.73,16.85,77300,0
2012-04-27,16.87,17.27,16.64,17.2,92000,0
2012-04-30,17.15,17.16,17.01,17.03,90700,0
2012-05-01,17.01,17.43,17.01,17.19,107000,0
2012-05-02,17.15,17.24,16.89,17.08,57000,0
2012-05-03,17.01,17.14,16.98,17.12,71200,0
2012-05-04,17.13,17.18,16.85,17.06,75300,0
2012-05-07,17.11,17.12,16.81,17.03,47400,0
2012-05-08,16.86,17.08,16.72,17.02,49600,0
2012-05-09,16.9,17.06,16.9,16.96,33000,0
2012-05-10,17.01,17.14,16.82,17.14,29000,0
2012-05-11,17.14,17.36,16.93,17.34,71600,0
2012-05-14,17.18,17.36,17.11,17.2,20000,0
2012-05-15,17.03,17.84,17.03,17.79,65500,0
2012-05-16,17.85,18.0,17.63,17.76,45000,0
2012-05-17,17.71,17.8,17.46,17.75,102000,0
2012-05-18,17.73,17.73,16.54,16.91,150000,0
2012-05-21,16.97,17.45,16.8,17.31,113900,0
2012-05-22,17.35,17.35,16.86,16.93,80300,0
2012-05-23,16.75,16.92,16.53,16.77,46600,0
2012-05-24,16.72,16.96,16.57,16.82,70700,0
2012-05-25,16.77,17.18,16.72,17.01,55500,0
2012-05-29,17.05,17.29,16.82,17.01,42900,0
2012-05-30,16.92,17.15,16.55,17.02,61000,0
2012-05-31,17.29,17.35,16.79,17.01,159800,0
2012-06-01,16.73,16.98,16.25,16.76,78200,0
2012-06-04,16.89,16.97,16.73,16.9,71700,0
2012-06-05,16.82,17.25,16.73,16.88,53100,0
2012-06-06,16.98,17.65,16.94,17.62,48600,0
2012-06-07,17.76,18.07,17.56,17.84,179300,0
2012-06-08,17.78,17.93,17.57,17.74,43400,0
2012-06-11,17.87,18.61,17.81,18.07,180400,0
2012-06-12,18.14,18.29,17.71,17.95,141300,0
2012-06-13,17.87,18.19,17.87,18.11,183200,0
2012-06-14,18.08,18.26,17.66,17.89,87700,0
2012-06-15,17.84,18.21,17.84,18.01,180200,0
2012-06-18,17.94,18.25,17.94,18.09,84600,0
2012-06-19,18.05,18.7,18.05,18.53,132600,0
2012-06-20,18.6,18.6,18.32,18.51,62400,0
2012-06-21,18.42,18.65,17.91,18.45,131900,0
2012-06-22,18.75,19.16,18.52,18.95,896400,0
2012-06-25,19.08,19.13,18.73,18.86,98000,0
2012-06-26,18.94,19.15,18.5,18.62,124200,0
2012-06-27,18.65,18.81,18.4,18.58,95100,0
2012-06-28,18.5,18.69,18.24,18.66,60100,0
2012-06-29,19.0,19.25,18.87,19.06,194100,0
2012-07-02,19.18,19.48,19.17,19.45,251900,0
2012-07-03,18.85,18.89,17.97,18.4,355800,0
2012-07-05,18.36,18.67,18.0,18.57,133000,0
2012-07-06,18.46,18.64,18.45,18.57,70000,0
2012-07-09,18.49,18.91,18.44,18.89,106400,0
2012-07-10,18.99,19.04,18.79,19.0,164900,0
2012-07-11,19.09,19.19,18.95,19.02,212600,0
2012-07-12,18.98,19.05,18.8,18.99,144800,0
2012-07-13,19.04,19.35,19.0,19.29,176600,0
2012-07-16,19.7,19.97,19.28,19.43,206000,0
2012-07-17,19.38,19.48,18.79,18.97,118900,0
2012-07-18,18.88,19.26,18.85,19.08,148400,0
2012-07-19,19.05,19.15,18.85,18.87,151400,0
2012-07-20,18.5,18.57,17.07,17.29,409200,0
2012-07-23,17.22,17.41,16.77,17.24,134400,0
2012-07-24,17.46,17.53,16.59,16.95,106900,0
2012-07-25,16.94,17.29,16.73,16.96,193900,0
2012-07-26,17.06,17.41,16.83,17.17,268900,0
2012-07-27,17.28,18.05,17.0,17.92,242200,0
2012-07-30,17.89,17.92,17.68,17.82,70900,0
2012-07-31,18.0,18.22,17.91,18.04,181300,0
2012-08-01,18.16,18.16,17.81,17.84,140800,0
2012-08-02,17.79,18.28,17.79,18.14,80900,0
2012-08-03,18.32,18.75,18.32,18.72,103500,0
2012-08-06,18.71,18.83,18.54,18.64,72300,0
2012-08-07,18.85,18.85,18.43,18.6,81400,0
2012-08-08,18.59,18.74,18.42,18.54,69100,0
2012-08-09,18.58,18.7,18.26,18.32,46500,0
2012-08-10,18.37,18.63,18.24,18.43,122400,0
2012-08-13,18.4,18.46,18.17,18.44,53700,0
2012-08-14,18.44,18.89,18.3,18.75,76800,0
2012-08-15,18.77,18.93,18.63,18.85,46000,0
2012-08-16,18.89,18.89,18.54,18.75,92000,0
2012-08-17,18.7,18.94,18.7,18.87,77300,0
2012-08-20,18.91,19.15,18.58,19.03,43800,0
2012-08-21,19.12,19.5,19.08,19.48,111900,0
2012-08-22,19.4,19.5,19.16,19.37,81700,0
2012-08-23,19.4,19.4,19.06,19.19,68500,0
2012-08-24,19.13,19.37,18.5,19.19,117900,0
2012-08-27,19.19,19.31,18.92,19.29,111700,0
2012-08-28,18.71,18.9,17.9,18.28,332300,0
2012-08-29,18.16,18.52,18.03,18.31,127800,0
2012-08-30,18.29,18.29,17.9,17.97,60800,0
2012-08-31,18.05,18.05,17.62,17.71,88200,0
2012-09-04,17.54,18.11,17.39,17.95,100900,0
2012-09-05,17.85,18.5,17.85,18.45,102300,0
2012-09-06,18.49,18.8,18.31,18.59,93800,0
2012-09-07,18.65,18.65,18.06,18.1,70500,0
2012-09-10,18.09,18.11,17.6,17.77,77600,0
2012-09-11,17.82,17.97,17.54,17.63,163700,0
2012-09-12,17.4,17.85,17.38,17.83,56400,0
2012-09-13,17.75,18.07,17.67,17.86,94000,0
2012-09-14,17.79,17.84,17.44,17.54,159100,0
2012-09-17,17.51,17.79,17.47,17.77,54900,0
2012-09-18,17.71,18.11,17.62,17.77,71500,0
2012-09-19,17.86,17.86,17.45,17.61,95200,0
2012-09-20,17.57,17.57,17.21,17.44,69600,0
2012-09-21,17.64,17.78,17.39,17.5,135400,0
2012-09-24,17.3,17.4,17.17,17.37,137200,0
2012-09-25,17.39,17.61,17.17,17.28,96300,0
2012-09-26,17.27,17.29,16.72,16.81,113800,0
2012-09-27,16.83,17.28,16.62,17.28,83400,0
2012-09-28,17.19,17.4,17.0,17.15,126800,0
2012-10-01,17.23,17.75,17.23,17.65,100400,0
2012-10-02,17.67,18.14,17.67,17.86,67500,0
2012-10-03,17.83,17.89,17.46,17.77,100900,0
2012-10-04,17.83,17.94,17.7,17.77,42700,0
2012-10-05,17.85,17.85,17.59,17.66,71300,0
2012-10-08,17.64,17.7,17.55,17.55,52500,0
2012-10-09,17.59,17.59,17.1,17.2,92900,0
2012-10-10,17.21,17.21,17.01,17.05,34500,0
2012-10-11,17.14,17.2,16.9,16.96,60800,0
2012-10-12,16.95,17.28,16.92,17.13,92900,0
2012-10-15,17.22,17.25,17.09,17.15,67800,0
2012-10-16,17.23,17.4,17.14,17.31,67800,0
2012-10-17,17.33,17.75,17.33,17.71,27900,0
2012-10-18,17.71,17.98,17.69,17.86,41300,0
2012-10-19,17.81,17.88,17.41,17.55,58600,0
2012-10-22,17.49,17.6,17.47,17.53,41800,0
2012-10-23,17.46,17.91,17.3,17.86,99200,0
2012-10-24,17.87,17.87,17.05,17.15,87000,0
2012-10-25,17.15,17.33,16.78,17.07,95200,0
2012-10-26,16.52,16.84,15.7,16.6,338100,0
2012-10-31,16.56,16.94,16.53,16.81,80000,0
2012-11-01,16.77,17.12,16.75,16.94,87600,0
2012-11-02,16.95,17.23,16.6,16.67,113500,0
2012-11-05,16.65,16.93,16.52,16.81,72000,0
2012-11-06,16.75,17.02,16.75,16.91,43900,0
2012-11-07,16.71,16.91,16.56,16.65,58700,0
2012-11-08,16.52,16.62,15.9,16.13,56400,0
2012-11-09,16.1,16.29,16.04,16.16,38300,0
2012-11-12,16.27,16.3,16.0,16.11,26500,0
2012-11-13,16.0,16.08,15.7,15.78,48900,0
2012-11-14,15.85,15.9,15.59,15.75,113200,0
2012-11-15,15.72,15.98,15.5,15.97,46600,0
2012-11-16,15.91,16.69,15.86,16.37,99800,0
2012-11-19,16.43,17.11,16.4,16.97,97200,0
2012-11-20,16.86,17.5,16.71,17.41,89900,0
2012-11-21,17.57,17.95,17.36,17.8,146800,0
2012-11-23,17.79,17.79,16.9,17.77,42500,0
2012-11-26,17.79,18.2,17.75,18.2,94300,0
2012-11-27,18.15,18.48,17.97,18.22,103300,0
2012-11-28,18.11,18.11,17.55,17.65,48200,0
2012-11-29,17.8,18.06,17.73,17.87,42800,0
2012-11-30,17.94,18.5,17.4,17.57,79200,0
2012-12-03,17.74,17.74,17.33,17.39,25300,0
2012-12-04,17.4,17.65,17.17,17.3,56800,0
2012-12-05,17.38,17.57,17.38,17.43,36600,0
2012-12-06,17.39,17.44,17.23,17.33,25400,0
2012-12-07,17.34,17.71,17.26,17.67,43800,0
2012-12-10,17.74,17.84,17.28,17.53,44500,0
2012-12-11,17.57,17.57,17.23,17.36,94700,0
2012-12-12,17.44,17.44,17.14,17.28,63500,0
2012-12-13,17.32,17.41,16.95,17.24,70600,0
2012-12-14,17.2,17.54,17.15,17.26,67400,0
2012-12-17,17.37,17.37,17.02,17.22,92600,0
2012-12-18,17.17,17.52,17.06,17.37,86900,0
2012-12-19,17.33,17.5,17.12,17.22,118100,0
2012-12-20,17.27,17.68,16.94,17.19,545100,0
2012-12-21,17.04,17.93,16.98,17.44,212400,0
2012-12-24,17.41,17.59,17.24,17.32,59300,0
2012-12-26,17.27,17.56,16.89,17.28,542300,0
2012-12-27,17.25,17.61,17.06,17.48,430600,0
2012-12-28,17.41,18.14,17.29,17.92,295600,0
2012-12-31,17.88,18.2,17.38,17.97,350700,0
2013-01-02,18.16,18.86,17.81,18.79,159600,0
2013-01-03,18.76,18.87,18.54,18.59,82700,0
2013-01-04,18.69,18.77,18.44,18.45,94200,0
2013-01-07,18.34,18.44,18.11,18.29,120100,0
2013-01-08,18.25,18.69,18.15,18.57,114400,0
2013-01-09,18.65,19.09,18.65,19.07,148800,0
2013-01-10,19.06,19.17,18.91,19.05,157600,0
2013-01-11,19.09,19.25,18.97,19.05,81000,0
2013-01-14,19.05,19.51,18.88,19.5,161700,0
2013-01-15,19.47,20.1,19.43,19.64,265400,0
2013-01-16,19.0,19.21,18.25,18.32,193500,0
2013-01-17,18.43,18.63,18.28,18.46,79100,0
2013-01-18,18.57,18.69,18.38,18.47,109100,0
2013-01-22,18.53,18.74,18.42,18.49,86300,0
2013-01-23,18.53,18.77,18.46,18.69,99100,0
2013-01-24,18.77,18.91,18.54,18.73,71500,0
2013-01-25,18.87,18.87,18.48,18.78,91500,0
2013-01-28,18.86,19.16,18.82,19.1,134100,0
2013-01-29,19.13,19.15,18.92,19.1,98500,0
2013-01-30,19.07,19.19,18.37,18.5,119100,0
2013-01-31,18.53,18.87,18.48,18.57,81200,0
2013-02-01,18.65,18.89,18.43,18.75,110700,0
2013-02-04,18.67,18.87,18.11,18.18,112600,0
2013-02-05,18.22,18.87,17.83,18.77,123000,0
2013-02-06,18.7,18.73,17.79,18.04,231200,0
2013-02-07,18.05,18.48,17.96,18.48,310400,0
2013-02-08,18.35,18.41,17.53,18.28,272900,0
2013-02-11,18.23,18.54,18.22,18.51,146000,0
2013-02-12,18.55,18.65,18.34,18.48,162000,0
2013-02-13,18.5,18.65,18.38,18.46,133700,0
2013-02-14,18.49,18.6,18.4,18.46,55100,0
2013-02-15,18.57,18.57,18.35,18.39,85900,0
2013-02-19,18.41,19.06,18.41,18.98,290000,0
2013-02-20,19.51,20.5,19.38,19.44,297900,0
2013-02-21,19.4,19.4,18.4,18.5,173400,0
2013-02-22,18.62,18.97,18.5,18.83,119100,0
2013-02-25,19.02,19.02,18.19,18.46,162200,0
2013-02-26,18.67,18.69,18.35,18.43,101000,0
2013-02-27,18.46,18.63,18.19,18.29,97200,0
2013-02-28,18.29,19.17,18.29,18.65,256100,0
2013-03-01,18.74,19.3,18.56,18.98,219600,0
2013-03-04,18.98,19.09,18.63,18.96,126700,0
2013-03-05,18.99,19.66,18.96,19.57,180400,0
2013-03-06,19.74,19.79,19.4,19.73,182500,0
2013-03-07,19.79,19.79,19.38,19.47,178600,0
2013-03-08,19.66,19.66,19.35,19.51,130200,0
2013-03-11,19.44,19.44,19.15,19.32,153400,0
2013-03-12,19.33,19.54,19.2,19.39,208500,0
2013-03-13,19.44,19.84,19.36,19.68,126400,0
2013-03-14,19.75,20.05,19.61,19.98,133700,0
2013-03-15,20.16,20.44,19.73,19.82,235100,0
2013-03-18,19.69,20.05,19.31,19.97,73200,0
2013-03-19,20.05,20.35,19.9,20.27,133600,0
2013-03-20,20.42,20.93,20.35,20.78,210300,0
2013-03-21,20.62,20.76,20.39,20.61,78200,0
2013-03-22,20.64,21.4,20.61,21.31,252200,0
2013-03-25,21.43,21.97,21.34,21.69,419300,0
2013-03-26,21.88,22.25,21.27,21.44,360700,0
2013-03-27,21.31,22.01,21.07,21.9,196400,0
2013-03-28,21.93,22.2,21.53,22.12,144700,0
2013-04-01,22.2,22.24,21.34,21.44,210100,0
2013-04-02,21.61,21.75,21.26,21.4,206300,0
2013-04-03,21.37,21.4,20.18,21.14,322000,0
2013-04-04,21.09,21.15,20.64,20.7,98600,0
2013-04-05,20.39,21.11,20.39,21.06,84700,0
2013-04-08,21.18,21.18,20.45,20.55,47400,0
2013-04-09,20.64,21.06,20.4,20.82,122400,0
2013-04-10,20.92,21.45,20.65,21.27,98800,0
2013-04-11,21.19,21.51,20.91,21.3,82900,0
2013-04-12,21.21,21.54,21.1,21.51,123500,0
2013-04-15,21.46,21.46,20.52,20.77,180000,0
2013-04-16,21.01,21.01,20.35,20.77,123600,0
2013-04-17,20.68,20.93,20.33,20.5,134600,0
2013-04-18,20.58,20.78,20.1,20.54,160400,0
2013-04-19,20.55,20.93,20.37,20.83,99200,0
2013-04-22,20.82,20.82,20.19,20.24,131900,0
2013-04-23,20.41,20.75,20.3,20.63,48000,0
2013-04-24,20.67,20.67,20.26,20.34,82400,0
2013-04-25,20.34,20.76,18.44,19.08,921700,0
2013-04-26,18.0,18.69,17.51,17.94,917100,0
2013-04-29,17.96,18.02,17.45,17.55,273300,0
2013-04-30,17.59,17.7,17.03,17.35,276800,0
2013-05-01,17.74,18.12,17.41,17.76,541300,0
2013-05-02,17.8,18.01,17.73,17.79,373900,0
2013-05-03,17.91,18.37,17.89,17.98,275000,0
2013-05-06,18.02,18.02,17.76,17.97,97100,0
2013-05-07,17.99,18.16,17.83,18.0,261700,0
2013-05-08,17.92,18.04,17.91,18.01,148200,0
2013-05-09,18.09,18.33,17.85,18.19,132100,0
2013-05-10,18.17,18.68,18.05,18.24,225600,0
2013-05-13,18.27,18.51,18.19,18.41,259800,0
2013-05-14,18.45,19.0,18.44,18.82,404900,0
2013-05-15,18.86,19.48,18.86,19.3,159000,0
2013-05-16,19.26,19.33,18.69,18.69,122100,0
2013-05-17,18.72,19.16,18.5,18.63,98700,0
2013-05-20,18.7,18.73,18.22,18.48,107000,0
2013-05-21,18.53,18.53,18.06,18.17,74800,0
2013-05-22,18.14,18.69,18.02,18.22,138500,0
2013-05-23,18.16,18.26,17.88,18.1,85200,0
2013-05-24,18.08,18.56,17.92,18.24,73400,0
2013-05-28,18.44,18.66,17.99,18.21,146200,0
2013-05-29,18.07,18.28,17.85,18.0,176200,0
2013-05-30,18.05,18.28,17.96,18.03,66100,0
2013-05-31,18.0,18.0,17.51,17.87,104500,0
2013-06-03,17.96,17.96,17.45,17.69,196400,0
2013-06-04,17.74,17.81,16.99,17.08,215900,0
2013-06-05,17.08,17.36,17.06,17.2,110100,0
2013-06-06,17.25,17.62,17.22,17.53,114400,0
2013-06-07,17.62,17.67,17.45,17.53,117100,0
2013-06-10,17.6,17.72,17.41,17.71,148600,0
2013-06-11,17.57,17.91,17.47,17.7,276000,0
2013-06-12,17.75,18.12,17.61,17.89,176900,0
2013-06-13,17.9,18.42,17.9,18.38,108900,0
2013-06-14,18.41,18.71,18.41,18.58,134700,0
2013-06-17,18.72,18.85,18.45,18.54,109000,0
2013-06-18,18.62,18.62,18.36,18.4,93900,0
2013-06-19,18.36,18.61,18.15,18.4,99600,0
2013-06-20,18.25,18.37,18.18,18.22,110200,0
2013-06-21,18.25,18.98,18.22,18.63,211600,0
2013-06-24,18.49,18.85,18.34,18.64,119700,0
2013-06-25,18.73,18.95,18.52,18.91,99400,0
2013-06-26,18.98,19.07,18.75,18.88,163100,0
2013-06-27,18.99,19.34,18.92,19.21,88600,0
2013-06-28,19.13,19.5,18.98,19.49,712400,0
2013-07-01,19.49,19.49,18.62,18.9,179200,0
2013-07-02,18.83,19.04,18.63,18.88,170000,0
2013-07-03,18.8,19.03,18.63,18.95,38800,0
2013-07-05,19.13,19.39,19.1,19.25,71600,0
2013-07-08,19.27,19.44,19.21,19.33,80900,0
2013-07-09,19.36,19.78,19.22,19.59,175100,0
2013-07-10,19.59,19.87,19.59,19.74,60300,0
2013-07-11,19.84,20.39,19.81,20.31,187000,0
2013-07-12,20.24,20.67,20.12,20.32,161600,0
2013-07-15,20.37,20.53,20.14,20.16,115800,0
2013-07-16,20.12,20.12,19.78,19.8,111600,0
2013-07-17,19.85,19.97,19.58,19.73,213800,0
2013-07-18,19.75,19.84,19.56,19.59,292300,0
2013-07-19,19.57,19.89,19.49,19.89,107600,0
2013-07-22,19.83,20.08,19.83,20.01,83900,0
2013-07-23,19.98,20.09,19.79,19.96,99200,0
2013-07-24,19.96,20.12,19.68,19.82,85400,0
2013-07-25,19.82,20.07,19.6,19.75,221400,0
2013-07-26,19.64,21.28,19.64,21.23,215100,0
2013-07-29,21.28,21.59,20.35,21.39,177900,0
2013-07-30,20.75,21.93,20.75,21.85,251900,0
2013-07-31,22.0,22.16,21.74,21.77,172400,0
2013-08-01,22.0,22.6,21.88,22.47,271800,0
2013-08-02,22.5,22.65,22.08,22.17,189300,0
2013-08-05,22.15,22.15,21.59,22.06,144300,0
2013-08-06,22.05,22.34,21.98,22.17,135100,0
2013-08-07,22.17,22.21,21.73,22.0,130600,0
2013-08-08,22.03,22.06,21.71,21.99,52000,0
2013-08-09,22.02,22.29,21.94,22.05,71700,0
2013-08-12,22.11,22.19,21.87,21.99,97700,0
2013-08-13,22.04,22.18,21.87,22.14,55100,0
2013-08-14,22.18,22.29,21.93,21.99,66000,0
2013-08-15,21.84,22.17,21.69,21.87,84000,0
2013-08-16,21.73,22.0,21.43,21.78,93000,0
2013-08-19,21.73,22.1,21.55,21.85,71600,0
2013-08-20,21.85,21.96,21.6,21.84,125600,0
2013-08-21,21.76,22.01,21.41,21.43,56600,0
2013-08-22,21.44,21.91,21.33,21.82,26200,0
2013-08-23,21.8,21.99,21.35,21.49,53600,0
2013-08-26,21.49,22.07,21.49,21.84,123400,0
2013-08-27,21.66,21.78,21.45,21.65,48900,0
2013-08-28,21.68,21.87,21.53,21.79,69900,0
2013-08-29,21.79,22.16,21.62,21.98,95300,0
2013-08-30,21.93,22.13,21.57,21.65,127800,0
2013-09-03,21.83,22.01,21.37,21.64,135600,0
2013-09-04,21.63,21.65,21.2,21.33,129500,0
2013-09-05,21.3,21.46,21.02,21.17,67700,0
2013-09-06,21.33,21.33,20.68,21.14,35900,0
2013-09-09,21.21,21.24,21.0,21.07,103400,0
2013-09-10,21.09,21.15,21.05,21.1,512000,0
2013-09-11,21.1,21.56,21.09,21.46,190600,0
2013-09-12,21.56,21.65,21.16,21.43,41800,0
2013-09-13,21.48,21.76,21.38,21.62,29400,0
2013-09-16,21.74,22.07,21.25,21.34,111000,0
2013-09-17,21.3,21.76,21.3,21.74,72700,0
2013-09-18,21.72,21.72,21.28,21.55,50800,0
2013-09-19,21.5,21.67,21.46,21.5,35500,0
2013-09-20,21.49,21.55,21.42,21.5,124400,0
2013-09-23,21.49,21.68,21.43,21.58,42100,0
2013-09-24,21.55,21.87,21.26,21.54,35000,0
2013-09-25,21.58,21.67,21.26,21.28,37900,0
2013-09-26,21.35,21.51,21.02,21.19,46100,0
2013-09-27,21.09,21.2,20.96,21.0,74400,0
2013-09-30,20.88,21.03,20.81,20.94,84800,0
2013-10-01,20.9,21.04,20.73,20.88,90900,0
2013-10-02,20.78,20.96,20.53,20.62,136000,0
2013-10-03,20.49,20.62,20.08,20.27,100000,0
2013-10-04,20.23,20.72,20.07,20.25,54700,0
2013-10-07,20.02,20.41,19.74,20.27,139800,0
2013-10-08,20.3,21.27,20.09,20.21,93500,0
2013-10-09,20.32,20.49,20.18,20.22,42000,0
2013-10-10,20.4,21.03,19.63,19.75,168300,0
2013-10-11,19.75,20.03,19.64,20.0,124100,0
2013-10-14,20.12,20.22,19.93,20.05,98300,0
2013-10-15,20.07,20.1,19.83,19.87,128400,0
2013-10-16,19.99,20.09,19.91,19.94,116200,0
2013-10-17,19.82,19.99,19.7,19.9,78800,0
2013-10-18,19.9,20.27,19.75,20.25,114900,0
2013-10-21,20.31,20.54,20.04,20.48,74500,0
2013-10-22,20.59,21.02,20.47,21.0,135900,0
2013-10-23,20.89,21.79,20.8,21.74,199300,0
2013-10-24,21.84,21.95,21.0,21.0,211600,0
2013-10-25,19.24,20.0,18.85,19.11,1018500,0
2013-10-28,19.09,19.74,18.94,19.62,282300,0
2013-10-29,19.62,19.73,19.04,19.13,102500,0
2013-10-30,19.19,19.5,18.43,18.51,114600,0
2013-10-31,18.46,18.55,18.11,18.41,164400,0
2013-11-01,18.37,18.79,18.17,18.51,149700,0
2013-11-04,18.56,18.92,18.33,18.87,162100,0
2013-11-05,18.8,19.32,18.8,19.15,147000,0
2013-11-06,19.14,19.48,19.11,19.38,127700,0
2013-11-07,19.43,19.6,19.15,19.22,101100,0
2013-11-08,19.19,19.58,19.13,19.24,54700,0
2013-11-11,19.2,19.34,18.94,19.11,46000,0
2013-11-12,19.02,19.58,19.02,19.48,67100,0
2013-11-13,19.42,20.11,19.06,20.01,188600,0
2013-11-14,20.33,20.75,20.04,20.11,113800,0
2013-11-15,20.08,20.62,19.8,20.4,93400,0
2013-11-18,20.47,21.42,20.47,20.53,141200,0
2013-11-19,20.51,20.82,20.35,20.44,173000,0
2013-11-20,20.44,20.58,19.96,20.04,166300,0
2013-11-21,20.07,20.33,19.99,20.02,90600,0
2013-11-22,20.08,20.35,20.01,20.25,116800,0
2013-11-25,20.32,20.65,20.08,20.17,100600,0
2013-11-26,20.23,20.47,20.19,20.24,82900,0
2013-11-27,20.22,20.52,20.14,20.46,94600,0
2013-11-29,20.55,20.74,20.54,20.58,20100,0
2013-12-02,20.63,20.63,19.98,20.01,102400,0
2013-12-03,19.95,20.14,19.79,20.02,109000,0
2013-12-04,19.95,20.16,19.41,20.0,60200,0
2013-12-05,19.94,20.24,19.93,20.06,67500,0
2013-12-06,20.23,20.45,20.18,20.28,41600,0
2013-12-09,20.25,20.39,19.8,20.2,90000,0
2013-12-10,20.21,20.28,19.96,20.0,55400,0
2013-12-11,20.0,20.08,19.94,20.04,109800,0
2013-12-12,19.99,20.2,19.98,20.03,33000,0
2013-12-13,20.1,20.35,19.98,20.0,76200,0
2013-12-16,20.05,20.51,20.05,20.18,56100,0
2013-12-17,20.22,20.38,19.99,20.05,29000,0
2013-12-18,20.13,20.51,19.98,20.24,73400,0
2013-12-19,20.28,20.5,20.0,20.1,73600,0
2013-12-20,20.18,20.46,20.0,20.23,176200,0
2013-12-23,20.24,20.74,20.22,20.25,139700,0
2013-12-24,20.34,21.25,20.33,21.01,97900,0
2013-12-26,21.12,21.49,20.95,21.25,182300,0
2013-12-27,21.32,21.64,21.32,21.55,51900,0
2013-12-30,21.61,21.99,21.54,21.56,79700,0
2013-12-31,21.65,21.69,21.43,21.48,71400,0
2014-01-02,21.32,21.32,20.45,20.5,178400,0
2014-01-03,20.48,20.69,20.41,20.65,70100,0
2014-01-06,20.74,20.76,20.5,20.65,76400,0
2014-01-07,20.67,20.9,20.6,20.75,72400,0
2014-01-08,20.77,21.02,20.54,20.86,48200,0
2014-01-09,20.87,21.11,20.61,20.99,84300,0
2014-01-10,21.05,21.3,20.6,20.65,120700,0
2014-01-13,20.57,20.87,20.55,20.79,74100,0
2014-01-14,20.9,21.47,20.82,21.01,99300,0
2014-01-15,21.01,21.44,20.64,21.13,67300,0
2014-01-16,21.13,21.24,20.85,21.01,64900,0
2014-01-17,20.93,21.3,20.82,21.25,153500,0
2014-01-21,21.27,21.3,20.92,21.18,58300,0
2014-01-22,21.26,21.93,21.15,21.69,87800,0
2014-01-23,21.68,21.88,20.2,21.45,53600,0
2014-01-24,21.37,21.97,20.67,20.75,104000,0
2014-01-27,20.45,20.95,19.82,20.64,116700,0
2014-01-28,20.63,20.88,20.52,20.83,81400,0
2014-01-29,20.7,20.92,20.24,20.39,77900,0
2014-01-30,20.5,21.44,20.28,20.35,55400,0
2014-01-31,20.09,20.51,20.0,20.29,118700,0
2014-02-03,20.29,20.32,19.32,19.41,149300,0
2014-02-04,19.25,19.43,18.79,18.87,136400,0
2014-02-05,18.75,18.91,18.17,18.6,184300,0
2014-02-06,18.64,18.88,17.58,18.21,390700,0
2014-02-07,17.25,17.5,15.81,17.23,839600,0
2014-02-10,17.17,17.5,16.9,17.11,489100,0
2014-02-11,17.07,17.14,16.39,16.59,533500,0
2014-02-12,16.56,16.75,16.18,16.35,250800,0
2014-02-13,16.24,16.95,16.24,16.83,357200,0
2014-02-14,16.85,16.9,16.45,16.54,248700,0
2014-02-18,16.41,16.68,16.27,16.6,338000,0
2014-02-19,16.53,16.72,16.48,16.63,148400,0
2014-02-20,16.74,16.94,16.57,16.81,145500,0
2014-02-21,16.95,17.36,16.6,16.69,216900,0
2014-02-24,16.66,16.92,16.45,16.56,206000,0
2014-02-25,16.55,16.75,16.0,16.13,489800,0
2014-02-26,16.2,16.44,16.01,16.16,436000,0
2014-02-27,16.13,16.27,15.9,15.98,243100,0
2014-02-28,16.02,16.32,15.9,15.92,252800,0
2014-03-03,15.86,16.22,15.54,16.1,377100,0
2014-03-04,16.28,16.74,16.1,16.16,351200,0
2014-03-05,16.2,16.7,16.15,16.5,357700,0
2014-03-06,16.6,16.95,16.4,16.82,271700,0
2014-03-07,16.83,16.91,16.62,16.88,199100,0
2014-03-10,16.92,17.08,16.85,17.08,223000,0
2014-03-11,17.2,17.22,16.96,17.04,382000,0
2014-03-12,17.02,17.67,16.84,17.39,379900,0
2014-03-13,17.4,17.5,17.13,17.26,263000,0
2014-03-14,17.17,17.21,16.95,17.1,215500,0
2014-03-17,17.09,17.37,17.01,17.25,215500,0
2014-03-18,17.22,17.4,17.15,17.26,256500,0
2014-03-19,17.34,17.45,17.1,17.3,158500,0
2014-03-20,17.23,17.57,17.08,17.5,115500,0
2014-03-21,17.52,17.74,17.4,17.5,136100,0
2014-03-24,17.55,17.72,17.19,17.4,178100,0
2014-03-25,17.44,17.74,17.37,17.41,79900,0
2014-03-26,17.51,17.66,17.09,17.11,130000,0
2014-03-27,17.1,17.27,16.85,17.16,123800,0
2014-03-28,17.2,17.53,17.05,17.17,151600,0
2014-03-31,18.49,19.16,18.03,18.32,558700,0
2014-04-01,18.37,18.75,18.05,18.21,245600,0
2014-04-02,18.24,18.38,18.06,18.33,122300,0
2014-04-03,18.34,18.63,18.3,18.4,175300,0
2014-04-04,18.51,18.51,17.79,17.82,184400,0
2014-04-07,17.79,17.79,17.19,17.36,99000,0
2014-04-08,17.44,17.55,17.15,17.29,144800,0
2014-04-09,17.32,17.74,17.25,17.65,103200,0
2014-04-10,17.64,17.65,17.06,17.21,151100,0
2014-04-11,17.05,17.25,16.86,16.9,148300,0
2014-04-14,17.06,17.06,16.53,16.91,132900,0
2014-04-15,16.92,16.92,16.34,16.71,137300,0
2014-04-16,16.76,16.92,16.56,16.9,185400,0
2014-04-17,16.85,17.27,16.78,17.22,120500,0
2014-04-21,17.28,17.51,17.18,17.38,60400,0
2014-04-22,17.37,18.21,17.28,18.16,258500,0
2014-04-23,18.13,18.36,17.92,18.23,178700,0
2014-04-24,18.38,18.44,17.94,18.07,191400,0
2014-04-25,19.75,20.49,19.56,19.66,1028500,0
2014-04-28,19.78,19.95,19.33,19.43,264500,0
2014-04-29,19.57,19.85,19.14,19.4,148600,0
2014-04-30,19.44,19.77,19.14,19.56,117700,0
2014-05-01,19.48,19.48,18.85,19.0,257800,0
2014-05-02,19.05,19.05,18.51,18.58,165600,0
2014-05-05,18.51,18.78,18.26,18.54,178400,0
2014-05-06,18.47,18.56,17.97,18.03,163500,0
2014-05-07,18.09,18.09,17.52,17.88,120400,0
2014-05-08,17.9,18.01,17.63,17.64,108600,0
2014-05-09,17.55,18.1,17.47,18.0,85600,0
2014-05-12,18.02,18.75,17.97,18.51,128200,0
2014-05-13,18.56,18.56,18.15,18.18,123500,0
2014-05-14,18.23,18.87,17.79,17.91,94000,0
2014-05-15,17.91,18.15,17.58,18.07,82800,0
2014-05-16,18.03,18.69,17.87,18.49,103200,0
2014-05-19,18.48,18.78,18.39,18.75,141600,0
2014-05-20,18.78,18.78,18.02,18.36,135700,0
2014-05-21,18.51,18.51,17.81,18.25,130300,0
2014-05-22,18.32,18.49,18.0,18.34,128600,0
2014-05-23,18.39,18.62,18.11,18.43,93100,0
2014-05-27,18.58,18.8,18.28,18.57,123400,0
2014-05-28,18.58,18.92,18.17,18.83,87300,0
2014-05-29,18.85,18.96,18.56,18.8,66400,0
2014-05-30,18.84,18.84,18.26,18.56,94400,0
2014-06-02,18.63,18.74,18.18,18.39,55600,0
2014-06-03,18.31,18.34,17.94,18.08,114800,0
2014-06-04,18.29,18.74,18.18,18.49,135900,0
2014-06-05,18.57,19.48,18.25,19.3,129900,0
2014-06-06,19.42,20.2,19.42,19.7,232900,0
2014-06-09,19.64,19.64,19.03,19.1,181600,0
2014-06-10,19.4,19.71,19.0,19.1,114700,0
2014-06-11,19.0,19.02,18.62,18.67,84900,0
2014-06-12,18.65,18.65,18.26,18.42,112000,0
2014-06-13,18.51,18.51,18.1,18.13,104000,0
2014-06-16,18.09,18.43,17.96,18.28,249500,0
2014-06-17,18.33,18.33,18.0,18.1,260600,0
2014-06-18,18.15,18.37,17.69,18.34,385500,0
2014-06-19,18.33,18.33,18.05,18.2,179300,0
2014-06-20,18.43,19.0,18.34,18.87,221500,0
2014-06-23,18.84,19.06,18.54,18.92,196200,0
2014-06-24,18.84,19.25,18.65,18.86,145300,0
2014-06-25,18.72,19.19,18.57,19.05,124300,0
2014-06-26,19.07,19.07,18.62,18.88,94200,0
2014-06-27,18.75,19.16,18.6,18.92,774200,0
2014-06-30,18.97,19.34,18.76,19.17,125200,0
2014-07-01,19.27,19.75,19.1,19.42,178200,0
2014-07-02,19.46,19.52,18.92,18.99,104800,0
2014-07-03,19.11,19.43,19.08,19.32,115100,0
2014-07-07,19.33,19.55,19.0,19.49,136900,0
2014-07-08,19.47,19.94,19.34,19.73,175100,0
2014-07-09,19.85,19.97,19.49,19.55,102000,0
2014-07-10,19.18,19.73,19.18,19.66,138100,0
2014-07-11,19.67,20.05,19.54,19.91,193600,0
2014-07-14,20.16,20.28,19.93,20.18,208200,0
2014-07-15,20.15,20.18,19.51,19.9,330100,0
2014-07-16,19.95,20.34,19.68,19.99,250800,0
2014-07-17,19.8,20.15,19.6,19.86,194800,0
2014-07-18,19.81,20.39,19.81,20.38,152400,0
2014-07-21,20.26,20.61,20.17,20.49,189700,0
2014-07-22,20.62,20.74,20.31,20.57,173200,0
2014-07-23,20.59,20.6,20.34,20.39,106300,0
2014-07-24,20.4,20.64,20.3,20.31,212300,0
2014-07-25,22.0,22.3,21.25,21.88,639000,0
2014-07-28,21.72,22.17,21.6,21.9,241800,0
2014-07-29,21.95,22.06,21.64,21.79,209600,0
2014-07-30,21.95,22.1,21.59,22.06,373000,0
2014-07-31,21.89,22.2,21.87,22.01,340300,0
2014-08-01,22.0,22.14,21.75,21.98,275500,0
2014-08-04,21.95,22.03,21.55,22.0,318700,0
2014-08-05,21.89,22.16,21.75,21.98,263000,0
2014-08-06,21.8,22.03,21.74,22.01,197700,0
2014-08-07,22.04,22.1,21.98,22.0,170900,0
2014-08-08,21.99,22.3,21.99,22.27,100000,0
2014-08-11,22.4,22.71,22.14,22.51,86400,0
2014-08-12,22.48,22.67,22.32,22.59,146300,0
2014-08-13,22.62,22.76,22.58,22.72,144200,0
2014-08-14,22.82,23.47,22.72,23.47,186500,0
2014-08-15,23.71,24.54,23.68,24.39,410400,0
2014-08-18,24.48,24.75,24.25,24.75,286700,0
2014-08-19,24.75,24.97,24.68,24.93,285400,0
2014-08-20,24.79,24.99,24.6,24.86,179300,0
2014-08-21,24.79,25.2,24.65,25.0,207500,0
2014-08-22,24.99,25.59,24.85,25.39,160200,0
2014-08-25,25.54,25.54,25.18,25.32,159400,0
2014-08-26,25.42,25.52,25.14,25.46,307400,0
2014-08-27,25.48,25.82,25.46,25.72,163900,0
2014-08-28,25.62,25.96,25.45,25.66,94600,0
2014-08-29,25.64,26.01,25.61,25.96,115100,0
2014-09-02,26.08,26.57,25.85,26.41,332900,0
2014-09-03,25.82,25.82,25.39,25.76,674700,0
2014-09-04,25.6,26.0,25.44,25.86,320400,0
2014-09-05,25.9,25.96,25.66,25.78,204700,0
2014-09-08,25.77,26.47,25.67,26.45,140300,0
2014-09-09,26.5,26.83,26.14,26.24,226100,0
2014-09-10,26.2,26.87,26.01,26.85,158200,0
2014-09-11,26.86,27.2,26.5,26.73,250800,0
2014-09-12,26.81,27.06,26.5,26.91,272700,0
2014-09-15,27.11,27.11,26.12,26.22,155400,0
2014-09-16,26.2,26.45,26.05,26.21,344300,0
2014-09-17,26.29,26.49,25.77,25.79,122100,0
2014-09-18,25.83,25.88,25.43,25.69,195100,0
2014-09-19,25.7,25.7,24.14,24.26,318100,0
2014-09-22,24.0,24.08,23.78,23.9,178000,0
2014-09-23,23.73,24.28,23.72,24.23,179500,0
2014-09-24,24.19,24.3,23.86,24.2,125671,0
2014-09-25,24.22,24.42,23.42,23.79,149883,0
2014-09-26,23.81,24.2,23.37,24.02,118492,0
2014-09-29,23.82,24.28,23.8,24.14,103721,0
2014-09-30,24.12,24.12,23.52,23.55,133279,0
2014-10-01,23.59,23.89,22.55,22.62,211953,0
2014-10-02,22.66,23.15,22.46,22.84,141684,0
2014-10-03,23.07,23.33,22.8,23.11,218717,0
2014-10-06,23.17,23.73,23.16,23.72,118468,0
2014-10-07,23.59,24.03,23.37,23.85,130770,0
2014-10-08,23.85,24.91,23.85,24.87,247445,0
2014-10-09,24.79,24.89,24.27,24.33,228813,0
2014-10-10,24.27,24.69,24.08,24.27,190540,0
2014-10-13,24.32,24.88,24.18,24.32,131447,0
2014-10-14,24.59,25.13,24.37,24.84,202345,0
2014-10-15,24.65,24.86,24.08,24.83,213795,0
2014-10-16,24.5,24.99,24.05,24.62,217124,0
2014-10-17,24.95,24.95,24.35,24.5,104182,0
2014-10-20,24.48,25.03,24.47,25.0,190522,0
2014-10-21,25.07,25.72,23.74,25.39,160400,0
2014-10-22,25.36,25.46,24.18,24.45,207095,0
2014-10-23,24.2,25.44,24.2,25.44,292472,0
2014-10-24,25.69,26.31,23.43,23.87,348754,0
2014-10-27,23.9,26.5,23.81,26.16,500466,0
2014-10-28,26.38,26.64,24.83,25.44,499762,0
2014-10-29,25.49,26.55,25.46,25.8,222873,0
2014-10-30,25.68,26.56,25.23,26.09,203866,0
2014-10-31,26.59,26.6,25.89,26.13,240657,0
2014-11-03,26.13,26.47,25.88,26.22,224419,0
2014-11-04,26.2,27.1,26.2,26.91,312366,0
2014-11-05,27.04,27.04,26.49,26.71,159289,0
2014-11-06,26.79,27.85,26.79,27.54,240556,0
2014-11-07,27.61,27.65,27.21,27.33,144988,0
2014-11-10,27.43,28.0,27.43,27.95,159006,0
2014-11-11,27.92,28.25,27.77,28.04,220678,0
2014-11-12,28.04,28.34,27.99,28.14,154371,0
2014-11-13,28.25,28.35,27.81,27.86,118698,0
2014-11-14,27.8,27.96,27.15,27.41,192147,0
2014-11-17,27.45,27.72,27.12,27.14,170872,0
2014-11-18,27.14,27.22,26.53,26.61,135358,0
2014-11-19,26.67,26.72,26.07,26.47,93888,0
2014-11-20,26.29,26.78,26.13,26.65,121072,0
2014-11-21,26.97,27.0,26.37,26.44,108891,0
2014-11-24,26.44,27.06,26.41,26.86,253921,0
2014-11-25,26.97,27.67,26.6,27.61,144468,0
2014-11-26,27.71,28.09,27.55,27.69,79148,0
2014-11-28,27.93,28.81,27.93,28.05,85663,0
2014-12-01,28.09,28.24,27.2,27.48,123327,0
2014-12-02,27.62,28.24,27.62,28.15,101533,0
2014-12-03,28.28,29.02,28.04,28.88,239151,0
2014-12-04,28.91,28.95,28.42,28.89,145289,0
2014-12-05,28.87,29.15,27.74,28.0,180085,0
2014-12-08,27.95,28.24,27.71,27.86,136789,0
2014-12-09,27.65,28.06,26.93,27.67,123242,0
2014-12-10,27.61,27.67,26.81,26.83,108120,0
2014-12-11,26.7,27.93,26.66,27.9,172399,0
2014-12-12,27.53,28.09,27.49,27.67,151256,0
2014-12-15,27.68,28.0,27.34,27.79,255355,0
2014-12-16,27.68,28.07,27.32,27.35,202703,0
2014-12-17,27.35,28.15,27.02,27.97,212795,0
2014-12-18,28.37,28.37,27.46,28.0,180278,0
2014-12-19,27.96,28.22,27.59,28.13,576578,0
2014-12-22,28.23,29.73,28.23,29.72,223791,0
2014-12-23,29.73,30.18,29.5,29.89,199441,0
2014-12-24,29.85,30.08,29.65,29.68,128551,0
2014-12-26,29.86,30.18,29.5,30.08,119702,0
2014-12-29,30.17,30.17,29.76,29.93,196317,0
2014-12-30,29.81,30.14,29.53,29.63,137954,0
2014-12-31,29.84,30.17,29.15,29.2,100263,0
2015-01-02,29.46,29.55,28.06,28.45,225439,0
2015-01-05,28.39,28.8,27.49,27.79,156641,0
2015-01-06,27.84,28.18,26.73,26.8,160915,0
2015-01-07,26.92,27.1,26.55,26.94,111380,0
2015-01-08,27.22,27.7,26.95,27.64,156649,0
2015-01-09,27.57,27.57,26.36,26.51,121734,0
2015-01-12,26.64,27.0,26.23,26.75,167330,0
2015-01-13,26.92,27.68,26.66,27.07,84491,0
2015-01-14,26.76,27.28,26.76,27.01,60316,0
2015-01-15,26.98,27.44,26.45,26.57,99550,0
2015-01-16,26.47,27.41,26.4,27.38,98255,0
2015-01-20,27.51,28.09,26.69,27.05,135238,0
2015-01-21,26.89,27.11,26.51,26.8,143463,0
2015-01-22,27.07,27.52,26.64,27.49,147975,0
2015-01-23,27.41,27.71,26.91,27.56,141926,0
2015-01-26,27.46,27.56,26.9,27.06,144801,0
2015-01-27,26.82,27.6,26.48,27.25,151265,0
2015-01-28,27.5,27.84,27.07,27.26,107729,0
2015-01-29,27.39,27.67,27.06,27.56,133889,0
2015-01-30,27.44,27.81,26.33,26.4,94283,0
2015-02-02,26.37,26.66,25.71,26.48,145255,0
2015-02-03,26.56,27.0,26.04,26.57,152076,0
2015-02-04,26.39,26.94,26.13,26.24,146056,0
2015-02-05,26.25,26.74,25.99,26.25,307406,0
2015-02-06,26.03,26.03,24.11,25.06,495100,0
2015-02-09,24.92,25.38,24.87,25.01,196568,0
2015-02-10,25.14,25.63,25.0,25.47,186446,0
2015-02-11,25.5,26.28,25.5,25.73,132735,0
2015-02-12,26.0,26.55,25.81,26.37,185407,0
2015-02-13,26.41,26.89,26.41,26.72,139468,0
2015-02-17,26.79,26.99,26.08,26.27,145592,0
2015-02-18,26.55,27.09,26.35,27.0,200826,0
2015-02-19,27.05,27.4,26.8,26.89,92483,0
2015-02-20,26.93,27.8,26.72,27.76,156419,0
2015-02-23,27.59,27.82,27.43,27.59,90404,0
2015-02-24,27.63,28.33,27.48,28.25,123871,0
2015-02-25,28.14,29.03,27.88,29.0,189873,0
2015-02-26,28.93,29.55,28.69,29.36,134134,0
2015-02-27,29.14,29.5,28.45,29.04,129288,0
2015-03-02,29.14,29.38,28.45,28.59,82788,0
2015-03-03,28.39,28.43,27.84,27.94,143658,0
2015-03-04,27.75,28.16,27.64,27.87,118516,0
2015-03-05,27.97,28.23,27.82,27.86,80564,0
2015-03-06,27.59,28.13,27.25,27.48,139079,0
2015-03-09,27.61,28.42,27.27,28.0,112602,0
2015-03-10,27.8,27.94,27.48,27.65,93607,0
2015-03-11,27.61,28.41,27.43,28.13,134882,0
2015-03-12,28.36,29.05,28.36,28.92,133445,0
2015-03-13,28.97,29.43,28.37,28.45,233750,0
2015-03-16,28.68,28.68,27.88,28.05,157724,0
2015-03-17,28.0,28.03,27.67,27.71,67877,0
2015-03-18,27.57,27.74,26.9,27.25,137243,0
2015-03-19,27.26,27.61,26.7,27.21,95968,0
2015-03-20,27.33,27.99,27.33,27.56,251409,0
2015-03-23,27.44,28.25,27.25,27.74,139031,0
2015-03-24,27.61,28.78,27.11,27.72,121198,0
2015-03-25,27.7,28.07,26.92,26.97,142678,0
2015-03-26,26.98,27.23,26.8,27.13,74837,0
2015-03-27,27.18,27.73,27.18,27.63,110194,0
2015-03-30,28.99,29.94,28.94,29.0,713985,0
2015-03-31,28.52,28.7,26.82,27.26,525151,0
2015-04-01,27.22,27.34,26.53,26.9,2068177,0
2015-04-02,26.75,26.98,25.3,26.01,524048,0
2015-04-06,25.95,26.25,25.08,25.11,262375,0
2015-04-07,25.15,25.51,24.64,24.68,200174,0
2015-04-08,24.77,25.13,24.69,24.89,199422,0
2015-04-09,24.91,25.04,24.13,24.31,361284,0
2015-04-10,24.38,24.7,24.07,24.46,243597,0
2015-04-13,24.48,24.59,24.3,24.47,443057,0
2015-04-14,24.38,24.64,24.18,24.5,667522,0
2015-04-15,24.67,24.99,24.49,24.74,189831,0
2015-04-16,24.65,24.87,24.58,24.78,90818,0
2015-04-17,24.53,25.53,24.21,25.5,1208387,0
2015-04-20,25.6,26.28,25.06,25.39,379138,0
2015-04-21,29.88,32.73,29.5,32.02,1987804,0
2015-04-22,32.15,34.29,32.13,33.39,1516579,0
2015-04-23,33.18,34.17,33.14,33.82,549844,0
2015-04-24,33.87,33.87,32.34,32.68,487298,0
2015-04-27,31.9,32.12,30.24,30.27,966316,0
2015-04-28,30.02,30.44,29.09,30.18,624391,0
2015-04-29,29.99,30.09,29.4,29.64,757109,0
2015-04-30,29.49,29.52,27.94,28.9,5738289,0
2015-05-01,29.0,29.5,28.62,28.91,945404,0
2015-05-04,29.03,29.56,29.03,29.25,1114296,0
2015-05-05,29.1,29.33,28.7,29.08,530974,0
2015-05-06,29.06,29.45,28.81,29.09,447026,0
2015-05-07,29.01,29.9,28.7,29.61,634787,0
2015-05-08,29.89,30.66,29.8,30.56,590536,0
2015-05-11,30.61,31.15,30.3,31.02,565625,0
2015-05-12,30.98,31.06,30.09,30.85,327207,0
2015-05-13,30.98,31.2,30.41,30.87,395547,0
2015-05-14,31.0,31.31,30.61,31.22,464896,0
2015-05-15,31.13,31.25,30.69,30.87,386550,0
2015-05-18,30.7,31.09,30.55,31.0,596537,0
2015-05-19,31.0,31.11,30.71,30.98,313879,0
2015-05-20,30.98,31.1,30.7,30.82,233703,0
2015-05-21,30.7,31.5,30.7,31.23,475723,0
2015-05-22,31.28,31.74,30.75,31.68,351760,0
2015-05-26,31.62,31.88,31.24,31.59,437583,0
2015-05-27,32.06,33.02,31.77,32.95,707521,0
2015-05-28,32.91,33.03,32.25,32.83,426634,0
2015-05-29,32.93,33.13,32.01,32.18,1060192,0
2015-06-01,32.36,32.72,31.64,32.52,393222,0
2015-06-02,32.26,33.2,32.01,32.36,331684,0
2015-06-03,32.41,33.15,32.17,32.87,663255,0
2015-06-04,32.63,32.66,32.16,32.39,237315,0
2015-06-05,32.42,32.87,32.17,32.63,198061,0
2015-06-08,32.71,32.71,32.12,32.31,257230,0
2015-06-09,32.24,32.42,31.89,32.34,317902,0
2015-06-10,32.56,32.73,32.21,32.22,343540,0
2015-06-11,32.33,32.4,32.01,32.27,163619,0
2015-06-12,32.21,32.38,31.81,31.98,146244,0
2015-06-15,31.96,32.63,31.29,32.46,361989,0
2015-06-16,32.31,32.69,32.02,32.43,261031,0
2015-06-17,32.61,33.03,32.43,32.81,341336,0
2015-06-18,32.85,33.08,32.3,32.64,466566,0
2015-06-19,32.89,33.43,32.48,33.19,572236,0
2015-06-22,33.5,33.77,33.23,33.37,352681,0
2015-06-23,33.94,34.34,33.16,34.14,819693,0
2015-06-24,34.0,34.21,32.95,33.03,371792,0
2015-06-25,33.2,34.11,32.57,32.71,542787,0
2015-06-26,32.74,33.84,32.34,32.53,359020,0
2015-06-29,32.32,32.8,32.28,32.51,320461,0
2015-06-30,32.51,32.96,32.5,32.66,214021,0
2015-07-01,33.06,33.09,32.5,33.08,255095,0
2015-07-02,33.07,33.17,32.43,33.06,185697,0
2015-07-06,32.93,33.56,32.78,33.5,315834,0
2015-07-07,33.4,33.4,32.53,33.21,274648,0
2015-07-08,33.09,33.35,32.17,32.68,544679,0
2015-07-09,32.82,32.9,31.9,32.0,373188,0
2015-07-10,32.32,32.83,32.06,32.78,333640,0
2015-07-13,32.82,33.32,32.65,32.93,220394,0
2015-07-14,32.93,33.33,32.75,32.93,255118,0
2015-07-15,33.02,33.02,32.37,32.42,342715,0
2015-07-16,32.55,33.06,32.0,33.01,405102,0
2015-07-17,33.0,33.43,32.47,33.09,209510,0
2015-07-20,33.04,33.28,32.62,32.77,175574,0
2015-07-21,32.65,33.0,32.65,32.75,87438,0
2015-07-22,32.68,33.07,32.27,33.02,247625,0
2015-07-23,33.02,33.25,32.19,32.23,175380,0
2015-07-24,32.24,32.38,31.29,31.37,181833,0
2015-07-27,31.11,31.22,30.33,30.42,202277,0
2015-07-28,30.62,31.26,30.05,31.13,171288,0
2015-07-29,31.07,31.83,30.85,31.6,234551,0
2015-07-30,31.43,31.6,31.06,31.36,128120,0
2015-07-31,31.36,32.52,31.36,32.3,330684,0
2015-08-03,32.25,32.62,31.94,32.23,200101,0
2015-08-04,32.17,32.6,32.07,32.32,199347,0
2015-08-05,32.55,32.95,32.38,32.84,404191,0
2015-08-06,32.65,32.92,24.7,26.38,2746812,0
2015-08-07,25.94,26.78,24.45,25.18,1055632,0
2015-08-10,25.22,25.3,24.48,25.27,568642,0
2015-08-11,25.78,26.41,25.4,25.56,646410,0
2015-08-12,25.26,25.35,24.55,25.31,510464,0
2015-08-13,25.24,25.73,24.5,24.52,267335,0
2015-08-14,24.57,25.22,24.4,25.21,288478,0
2015-08-17,25.21,25.32,24.62,25.08,275070,0
2015-08-18,26.07,26.6,25.4,25.8,716135,0
2015-08-19,25.52,25.96,25.47,25.68,310404,0
2015-08-20,25.45,26.15,25.27,25.35,723213,0
2015-08-21,24.84,25.47,24.49,24.82,671402,0
2015-08-24,24.05,24.5,23.61,23.7,804714,0
2015-08-25,24.52,24.79,22.87,22.93,584442,0
2015-08-26,23.3,23.3,22.66,22.89,375326,0
2015-08-27,23.04,23.7,22.63,23.19,827711,0
2015-08-28,23.22,23.47,22.9,23.01,569785,0
2015-08-31,22.76,23.32,22.76,23.26,237491,0
2015-09-01,22.98,23.35,22.07,22.19,309184,0
2015-09-02,22.46,22.66,21.86,22.03,669830,0
2015-09-03,22.28,23.22,22.09,22.85,458423,0
2015-09-04,22.55,23.07,22.53,22.66,315132,0
2015-09-08,22.95,23.6,22.69,23.56,375703,0
2015-09-09,23.65,23.7,22.8,22.93,281133,0
2015-09-10,22.98,23.55,22.81,22.99,335791,0
2015-09-11,22.83,22.83,22.17,22.36,541887,0
2015-09-14,22.36,22.41,21.67,21.91,253123,0
2015-09-15,21.8,21.96,21.02,21.5,644637,0
2015-09-16,21.45,22.46,21.37,21.88,535002,0
2015-09-17,21.89,22.57,21.6,22.5,568445,0
2015-09-18,22.37,22.59,22.02,22.49,801120,0
2015-09-21,22.58,22.79,21.97,22.13,403227,0
2015-09-22,21.8,21.89,21.11,21.27,335312,0
2015-09-23,21.37,21.54,20.74,21.0,302533,0
2015-09-24,20.78,21.0,20.46,20.66,311870,0
2015-09-25,20.8,20.8,20.19,20.32,304793,0
2015-09-28,20.17,20.27,19.62,19.68,424429,0
2015-09-29,19.68,20.04,19.43,19.61,488066,0
2015-09-30,19.78,20.01,19.45,19.6,334029,0
2015-10-01,19.59,19.97,19.58,19.9,282167,0
2015-10-02,19.6,20.89,19.41,20.88,480610,0
2015-10-05,20.94,21.42,20.82,21.26,350160,0
2015-10-06,21.26,21.75,21.24,21.7,240077,0
2015-10-07,21.8,22.78,21.7,22.45,473340,0
2015-10-08,22.25,22.46,21.98,22.38,234040,0
2015-10-09,22.5,23.11,22.5,22.77,249764,0
2015-10-12,22.69,22.74,22.0,22.26,212324,0
2015-10-13,22.11,22.26,21.78,21.86,205115,0
2015-10-14,21.85,22.06,21.72,21.88,119738,0
2015-10-15,21.95,22.01,21.68,21.93,186736,0
2015-10-16,22.03,22.06,21.78,21.99,132810,0
2015-10-19,21.8,22.29,21.8,22.17,136242,0
2015-10-20,22.16,22.65,21.66,21.73,269068,0
2015-10-21,21.83,22.16,21.41,21.46,171335,0
2015-10-22,21.53,21.8,21.3,21.48,123000,0
2015-10-23,21.5,21.73,21.14,21.69,260743,0
2015-10-26,21.49,21.59,20.73,20.93,354904,0
2015-10-27,20.91,21.06,18.13,18.49,1100119,0
2015-10-28,18.45,18.45,16.56,17.22,2495265,0
2015-10-29,20.79,23.98,20.78,23.13,2871266,0
2015-10-30,22.64,23.92,22.49,23.79,764836,0
2015-11-02,23.83,24.65,23.57,24.38,423057,0
2015-11-03,24.17,24.85,24.12,24.42,583018,0
2015-11-04,24.49,24.5,23.0,23.05,564612,0
2015-11-05,23.22,23.78,23.0,23.66,331163,0
2015-11-06,23.61,24.37,23.4,24.31,367348,0
2015-11-09,24.31,24.36,23.75,23.87,341512,0
2015-11-10,23.9,24.31,23.54,23.98,326358,0
2015-11-11,24.12,24.12,23.22,23.37,149435,0
2015-11-12,23.37,23.5,22.95,23.0,221389,0
2015-11-13,23.03,23.6,22.68,22.94,175656,0
2015-11-16,22.87,23.02,22.08,22.76,278687,0
2015-11-17,22.88,23.6,22.66,23.34,260264,0
2015-11-18,23.56,23.56,22.93,23.26,162538,0
2015-11-19,23.26,23.64,23.05,23.42,251683,0
2015-11-20,23.55,24.0,23.39,23.71,138493,0
2015-11-23,23.51,23.66,23.24,23.57,161819,0
2015-11-24,23.37,24.1,23.2,23.87,199167,0
2015-11-25,23.79,23.93,23.64,23.87,91198,0
2015-11-27,23.81,23.93,23.49,23.73,64680,0
2015-11-30,23.86,23.98,23.46,23.6,213358,0
2015-12-01,23.63,23.94,23.33,23.71,125823,0
2015-12-02,23.58,24.15,23.57,23.72,540678,0
2015-12-03,23.89,24.01,22.48,22.81,304510,0
2015-12-04,22.68,23.28,22.4,23.11,252041,0
2015-12-07,23.08,23.12,22.05,22.19,280008,0
2015-12-08,22.04,22.04,20.73,21.12,350757,0
2015-12-09,20.98,21.38,20.19,20.68,414330,0
2015-12-10,20.63,21.3,20.63,21.19,106669,0
2015-12-11,20.81,21.02,20.35,20.53,182555,0
2015-12-14,20.62,20.62,20.11,20.31,333448,0
2015-12-15,20.54,20.71,20.11,20.56,485310,0
2015-12-16,20.59,21.32,20.59,21.25,211294,0
2015-12-17,21.32,21.36,20.97,21.0,168510,0
2015-12-18,20.82,21.04,20.06,20.34,1245687,0
2015-12-21,20.34,20.66,19.85,20.07,261222,0
2015-12-22,20.07,20.35,19.93,20.29,191194,0
2015-12-23,20.46,21.18,20.3,20.89,229006,0
2015-12-24,20.89,21.12,20.84,20.86,68622,0
2015-12-28,20.85,20.87,19.92,20.3,204676,0
2015-12-29,20.31,20.54,20.14,20.35,270850,0
2015-12-30,20.52,21.1,20.43,20.89,259667,0
2015-12-31,20.74,20.88,20.35,20.39,324864,0
2016-01-04,20.0,21.29,19.85,21.01,469378,0
2016-01-05,21.0,21.47,20.68,21.4,342093,0
2016-01-06,21.19,21.32,20.6,20.75,269614,0
2016-01-07,20.31,20.65,19.99,20.0,381164,0
2016-01-08,20.71,22.24,20.56,20.65,401134,0
2016-01-11,20.65,20.88,19.98,20.45,288513,0
2016-01-12,20.61,21.21,20.19,20.87,280484,0
2016-01-13,20.79,21.49,19.11,19.36,444017,0
2016-01-14,19.53,20.58,18.92,19.96,341008,0
2016-01-15,19.42,20.0,19.16,19.7,298484,0
2016-01-19,19.96,20.29,18.83,19.02,314283,0
2016-01-20,18.77,19.93,18.65,19.68,396715,0
2016-01-21,19.57,20.26,19.25,19.81,573403,0
2016-01-22,20.16,21.23,20.16,20.72,406793,0
2016-01-25,20.53,20.85,19.76,19.88,204052,0
2016-01-26,20.0,21.12,20.0,20.85,273396,0
2016-01-27,20.76,21.79,20.66,21.34,330407,0
2016-01-28,21.38,21.7,20.87,20.94,207540,0
2016-01-29,20.95,22.06,20.95,22.01,334644,0
2016-02-01,21.82,22.24,21.52,22.15,266097,0
2016-02-02,22.06,22.1,21.4,21.59,229918,0
2016-02-03,21.87,22.12,21.03,21.73,252899,0
2016-02-04,21.89,23.48,21.75,22.9,480376,0
2016-02-05,23.2,25.0,22.61,23.65,655441,0
2016-02-08,23.35,24.42,22.34,24.0,525719,0
2016-02-09,23.65,24.39,23.59,23.68,266994,0
2016-02-10,23.77,24.16,23.26,23.82,386543,0
2016-02-11,23.4,24.43,23.09,24.29,451190,0
2016-02-12,24.63,24.63,23.65,24.34,588500,0
2016-02-16,24.58,24.99,23.74,24.84,353529,0
2016-02-17,24.98,25.5,24.55,24.94,721445,0
2016-02-18,24.99,25.28,24.13,24.65,253313,0
2016-02-19,24.57,25.0,24.06,24.66,321352,0
2016-02-22,25.0,25.08,24.32,24.34,519549,0
2016-02-23,24.46,24.73,23.51,24.58,659079,0
2016-02-24,24.39,25.07,22.27,24.89,620291,0
2016-02-25,25.03,25.14,24.13,24.96,236089,0
2016-02-26,24.96,25.65,24.91,25.39,308280,0
2016-02-29,25.32,25.61,24.92,25.51,271921,0
2016-03-01,25.64,26.14,25.27,25.75,297569,0
2016-03-02,25.77,26.03,25.25,25.78,308100,0
2016-03-03,25.92,26.36,25.68,26.04,517867,0
2016-03-04,25.98,26.56,25.95,26.08,310635,0
2016-03-07,26.12,26.78,26.09,26.4,488052,0
2016-03-08,26.38,26.64,25.51,25.67,224379,0
2016-03-09,25.78,26.1,25.54,25.85,278276,0
2016-03-10,25.95,26.59,23.96,25.73,252305,0
2016-03-11,25.98,26.37,25.74,26.2,285897,0
2016-03-14,26.11,26.4,25.61,26.13,158719,0
2016-03-15,25.92,26.03,25.47,25.82,184546,0
2016-03-16,25.75,26.42,25.75,26.36,328700,0
2016-03-17,26.4,28.0,26.4,27.61,705275,0
2016-03-18,27.8,28.49,27.56,28.04,610217,0
2016-03-21,27.79,28.36,27.67,28.15,197737,0
2016-03-22,28.0,28.0,27.4,27.44,253217,0
2016-03-23,27.28,28.07,26.97,27.36,223053,0
2016-03-24,27.13,27.13,26.61,26.94,154468,0
2016-03-28,27.12,27.25,26.17,26.42,455975,0
2016-03-29,26.36,27.21,26.24,27.12,414682,0
2016-03-30,27.14,27.44,26.68,26.92,320264,0
2016-03-31,27.0,27.3,26.63,27.16,319702,0
2016-04-01,27.02,27.16,26.09,26.85,259766,0
2016-04-04,26.94,27.17,26.76,26.84,246911,0
2016-04-05,26.55,26.95,26.04,26.15,263049,0
2016-04-06,26.19,26.32,25.29,26.01,191616,0
2016-04-07,25.74,26.32,25.32,25.51,160574,0
2016-04-08,25.78,26.44,25.45,25.8,176456,0
2016-04-11,25.77,26.43,24.96,25.24,270565,0
2016-04-12,25.25,25.36,24.97,24.98,229952,0
2016-04-13,25.12,25.91,25.0,25.81,631672,0
2016-04-14,25.78,25.82,25.47,25.47,101454,0
2016-04-15,25.39,25.71,25.39,25.51,132238,0
2016-04-18,25.28,25.91,25.28,25.72,358441,0
2016-04-19,25.92,26.34,25.66,25.69,368219,0
2016-04-20,25.75,26.07,25.55,25.74,233641,0
2016-04-21,25.61,25.76,25.36,25.49,395049,0
2016-04-22,25.6,26.15,25.6,26.03,511784,0
2016-04-25,25.94,26.32,25.4,25.62,353477,0
2016-04-26,25.61,26.05,25.41,25.82,290947,0
2016-04-27,25.87,26.41,24.87,25.13,565243,0
2016-04-28,24.13,25.57,24.13,24.69,1014803,0
2016-04-29,24.67,24.67,23.11,23.37,964868,0
2016-05-02,23.66,24.07,23.37,24.06,284579,0
2016-05-03,23.93,24.3,23.5,23.65,443740,0
2016-05-04,23.34,23.8,23.14,23.16,323265,0
2016-05-05,23.34,23.38,22.77,22.81,309455,0
2016-05-06,22.75,23.45,22.75,23.45,255427,0
2016-05-09,23.37,23.84,23.36,23.62,249472,0
2016-05-10,23.79,23.95,23.62,23.78,152545,0
2016-05-11,23.81,23.96,23.0,23.09,218873,0
2016-05-12,23.19,23.26,22.48,22.59,398118,0
2016-05-13,22.46,22.84,22.08,22.09,345645,0
2016-05-16,22.23,22.64,21.99,22.12,406983,0
2016-05-17,22.07,22.23,21.31,21.37,483204,0
2016-05-18,21.26,22.05,21.18,21.88,304631,0
2016-05-19,21.67,22.33,21.67,22.09,299282,0
2016-05-20,22.14,22.74,22.05,22.48,330760,0
2016-05-23,22.46,22.57,21.87,21.91,212529,0
2016-05-24,21.97,22.54,21.97,22.38,231662,0
2016-05-25,22.51,22.77,22.36,22.55,144275,0
2016-05-26,22.67,22.98,22.34,22.36,132721,0
2016-05-27,22.43,22.79,22.33,22.69,155214,0
2016-05-31,22.64,22.99,22.55,22.66,199256,0
2016-06-01,22.55,22.77,22.09,22.67,195676,0
2016-06-02,22.7,22.97,22.54,22.95,142954,0
2016-06-03,22.7,23.06,22.38,22.87,347136,0
2016-06-06,22.93,23.56,22.88,23.51,194303,0
2016-06-07,23.51,23.58,23.0,23.5,221024,0
2016-06-08,23.6,23.85,23.5,23.73,175174,0
2016-06-09,23.59,23.73,23.15,23.35,156464,0
2016-06-10,23.11,23.54,22.72,22.88,139748,0
2016-06-13,22.76,23.04,22.31,22.66,197917,0
2016-06-14,22.6,22.9,22.36,22.56,131163,0
2016-06-15,22.69,23.11,22.13,22.89,254597,0
2016-06-16,22.68,22.92,22.38,22.88,154290,0
2016-06-17,22.95,23.3,22.9,23.21,250040,0
2016-06-20,23.52,23.88,23.01,23.08,201953,0
2016-06-21,22.98,23.16,22.63,22.77,222412,0
2016-06-22,22.85,23.0,22.32,22.42,240900,0
2016-06-23,22.63,22.85,22.25,22.34,263321,0
2016-06-24,21.12,21.99,21.0,21.43,596060,0
2016-06-27,21.13,21.55,20.63,20.76,510782,0
2016-06-28,21.06,21.33,20.52,20.63,287244,0
2016-06-29,20.9,21.68,20.9,21.67,195264,0
2016-06-30,21.7,22.42,21.63,22.42,240808,0
2016-07-01,22.28,22.86,22.21,22.5,182186,0
2016-07-05,22.39,22.44,21.55,21.57,305393,0
2016-07-06,21.39,21.92,21.23,21.67,202073,0
2016-07-07,21.71,22.36,21.66,22.11,325165,0
2016-07-08,22.39,23.11,22.39,23.08,237527,0
2016-07-11,22.84,23.45,22.64,23.41,629373,0
2016-07-12,23.55,24.08,23.31,23.5,535660,0
2016-07-13,23.65,23.87,23.37,23.75,196956,0
2016-07-14,23.81,24.07,23.45,23.9,336240,0
2016-07-15,24.04,24.06,23.54,24.05,123610,0
2016-07-18,23.93,24.41,23.84,24.23,248000,0
2016-07-19,24.18,24.57,23.71,24.14,215344,0
2016-07-20,24.18,24.47,24.04,24.18,128768,0
2016-07-21,24.19,24.19,22.0,23.76,166084,0
2016-07-22,23.72,24.28,23.72,24.04,327413,0
2016-07-25,24.04,24.21,23.79,23.88,156360,0
2016-07-26,23.9,24.59,23.83,24.5,168350,0
2016-07-27,24.61,24.61,23.81,24.25,289746,0
2016-07-28,23.25,25.89,22.64,24.8,362438,0
2016-07-29,24.7,24.83,24.05,24.76,213816,0
2016-08-01,24.78,25.14,24.63,24.85,118906,0
2016-08-02,24.78,25.16,24.46,24.55,219120,0
2016-08-03,24.46,24.85,24.29,24.76,178978,0
2016-08-04,24.85,25.06,24.47,24.91,121944,0
2016-08-05,25.0,25.49,24.65,25.35,252597,0
2016-08-08,25.36,25.73,25.36,25.64,116674,0
2016-08-09,25.58,25.72,25.24,25.52,86531,0
2016-08-10,25.52,26.17,25.31,26.1,266574,0
2016-08-11,26.12,26.23,25.67,25.87,126149,0
2016-08-12,25.74,26.08,25.71,25.86,99424,0
2016-08-15,25.94,26.22,25.73,25.75,144921,0
2016-08-16,25.8,25.97,25.61,25.86,116738,0
2016-08-17,25.9,25.94,25.34,25.53,107796,0
2016-08-18,25.53,25.72,25.39,25.58,87205,0
2016-08-19,25.48,25.8,25.04,25.68,116124,0
2016-08-22,25.51,25.72,25.33,25.59,72289,0
2016-08-23,25.65,26.0,25.61,25.79,95145,0
2016-08-24,25.7,26.01,25.62,25.72,95308,0
2016-08-25,25.68,26.17,25.33,25.49,133079,0
2016-08-26,25.46,25.77,25.27,25.51,87960,0
2016-08-29,25.38,25.63,25.38,25.6,59336,0
2016-08-30,25.7,25.96,25.64,25.95,79333,0
2016-08-31,25.95,26.25,25.7,25.8,84414,0
2016-09-01,25.77,26.08,25.51,26.08,140052,0
2016-09-02,26.1,26.38,25.71,26.38,124990,0
2016-09-06,26.47,26.68,26.09,26.39,131105,0
2016-09-07,26.34,26.67,26.24,26.65,179987,0
2016-09-08,26.59,26.7,24.21,25.34,2033579,0
2016-09-09,25.24,25.35,24.52,24.79,700041,0
2016-09-12,24.2,24.38,23.52,23.86,569438,0
2016-09-13,23.57,23.81,22.93,23.27,378916,0
2016-09-14,22.44,23.37,21.56,23.16,332842,0
2016-09-15,23.19,23.57,23.12,23.51,149296,0
2016-09-16,23.49,23.53,22.99,23.49,570699,0
2016-09-19,23.52,23.98,23.27,23.68,238002,0
2016-09-20,23.82,23.82,22.97,23.0,516938,0
2016-09-21,23.17,23.34,22.81,23.25,406899,0
2016-09-22,23.44,23.74,22.97,23.63,297391,0
2016-09-23,23.55,23.58,22.91,23.07,218136,0
2016-09-26,22.91,23.24,22.84,23.07,204541,0
2016-09-27,23.07,23.15,22.91,22.99,418325,0
2016-09-28,22.99,23.23,22.86,23.05,346864,0
2016-09-29,23.07,23.26,22.94,23.0,276109,0
2016-09-30,23.14,23.19,22.94,23.06,310209,0
2016-10-03,22.99,23.3,22.85,23.02,256068,0
2016-10-04,23.01,23.18,22.76,22.84,230243,0
2016-10-05,22.98,23.2,22.82,22.87,210140,0
2016-10-06,22.76,22.91,22.49,22.8,151747,0
2016-10-07,22.85,22.85,22.44,22.71,245723,0
2016-10-10,22.87,23.26,22.87,23.14,272240,0
2016-10-11,23.1,23.14,22.75,22.83,179157,0
2016-10-12,22.91,23.05,22.73,22.98,131721,0
2016-10-13,22.78,22.82,22.12,22.45,336849,0
2016-10-14,22.44,22.66,22.43,22.45,217701,0
2016-10-17,22.35,22.7,22.1,22.3,110530,0
2016-10-18,22.55,23.18,22.1,22.2,181757,0
2016-10-19,22.2,22.38,22.0,22.2,136395,0
2016-10-20,22.05,22.7,22.05,22.45,260899,0
2016-10-21,22.2,22.6,22.0,22.55,112888,0
2016-10-24,22.7,23.02,22.55,22.85,129161,0
2016-10-25,22.85,22.85,22.5,22.8,204946,0
2016-10-26,22.55,22.8,22.5,22.65,434499,0
2016-10-27,21.6,22.0,20.25,21.55,894379,0
2016-10-28,21.4,21.75,21.1,21.15,286399,0
2016-10-31,21.15,21.3,20.9,21.2,249787,0
2016-11-01,21.15,21.35,20.85,20.9,314796,0
2016-11-02,20.9,21.5,20.8,21.3,270390,0
2016-11-03,21.4,21.65,21.05,21.15,242463,0
2016-11-04,21.3,22.12,21.15,21.95,246811,0
2016-11-07,22.35,22.65,22.15,22.45,307305,0
2016-11-08,22.45,23.0,22.15,22.9,131431,0
2016-11-09,22.55,23.55,22.45,23.5,478368,0
2016-11-10,23.7,24.05,23.1,23.9,364035,0
2016-11-11,23.9,25.3,23.9,24.9,421316,0
2016-11-14,25.1,25.65,24.8,25.5,520711,0
2016-11-15,25.45,25.6,25.0,25.4,154009,0
2016-11-16,25.4,26.1,25.35,25.85,242489,0
2016-11-17,25.95,26.15,25.75,25.9,185126,0
2016-11-18,25.9,26.0,25.6,25.7,222767,0
2016-11-21,25.9,25.9,25.45,25.7,231011,0
2016-11-22,25.85,25.95,25.0,25.25,297899,0
2016-11-23,25.05,25.5,25.05,25.45,339570,0
2016-11-25,25.35,25.55,25.3,25.55,72097,0
2016-11-28,25.45,25.68,25.15,25.2,190502,0
2016-11-29,25.3,25.35,24.78,25.0,183461,0
2016-11-30,25.15,25.35,24.8,25.1,124459,0
2016-12-01,25.05,25.65,24.95,25.5,156358,0
2016-12-02,25.45,25.7,25.35,25.5,85388,0
2016-12-05,25.5,25.9,25.5,25.85,137779,0
2016-12-06,25.9,26.75,25.55,26.7,255491,0
2016-12-07,26.65,27.7,26.25,27.55,201061,0
2016-12-08,27.4,28.55,27.4,28.5,250321,0
2016-12-09,28.55,28.9,28.0,28.4,299743,0
2016-12-12,28.4,28.5,27.25,27.4,184846,0
2016-12-13,27.6,27.8,27.05,27.25,280457,0
2016-12-14,27.2,27.95,27.15,27.6,463648,0
2016-12-15,27.65,28.5,27.32,27.95,472532,0
2016-12-16,28.05,28.05,26.25,26.75,791998,0
2016-12-19,26.7,26.9,25.65,26.4,211439,0
2016-12-20,26.35,26.65,25.4,25.75,467559,0
2016-12-21,25.85,25.85,25.2,25.45,242642,0
2016-12-22,25.35,25.49,25.0,25.15,169560,0
2016-12-23,25.1,25.45,25.05,25.45,262531,0
2016-12-27,25.4,26.0,25.25,25.65,238892,0
2016-12-28,25.75,25.75,24.9,25.05,179760,0
2016-12-29,25.15,25.3,24.75,24.9,89182,0
2016-12-30,25.0,25.2,24.5,25.05,162102,0
2017-01-03,25.35,25.65,24.75,25.35,314204,0
2017-01-04,25.5,25.95,25.35,25.45,357294,0
2017-01-05,25.4,25.45,24.9,25.0,171622,0
2017-01-06,25.0,25.15,24.7,24.9,119989,0
2017-01-09,24.9,24.95,24.45,24.7,83444,0
2017-01-10,24.75,25.05,24.55,24.9,137370,0
2017-01-11,24.9,25.05,24.85,25.0,115607,0
2017-01-12,24.95,25.0,24.45,24.7,114228,0
2017-01-13,24.85,25.75,24.55,25.7,132608,0
2017-01-17,25.5,25.5,24.85,25.05,201454,0
2017-01-18,25.1,25.2,24.8,25.0,163450,0
2017-01-19,25.0,25.05,24.75,24.9,131584,0
2017-01-20,24.95,25.05,24.55,24.6,163574,0
2017-01-23,24.6,24.7,24.1,24.15,158974,0
2017-01-24,24.15,24.57,24.1,24.45,184712,0
2017-01-25,24.6,24.95,24.3,24.9,161152,0
2017-01-26,24.9,25.0,24.6,24.7,122050,0
2017-01-27,24.65,25.0,24.35,24.9,94068,0
2017-01-30,24.75,24.75,24.15,24.35,127017,0
2017-01-31,24.25,24.55,23.5,23.75,393460,0
2017-02-01,23.95,24.1,23.65,24.1,184417,0
2017-02-02,23.9,24.25,23.35,24.25,165113,0
2017-02-03,24.5,25.1,24.0,25.0,186611,0
2017-02-06,25.05,25.25,24.5,24.75,159552,0
2017-02-07,24.8,25.05,23.6,23.7,171332,0
2017-02-08,23.65,23.75,23.0,23.7,216302,0
2017-02-09,22.2,23.25,21.7,23.0,629614,0
2017-02-10,23.1,23.65,22.85,23.5,239472,0
2017-02-13,23.65,23.85,23.45,23.75,352382,0
2017-02-14,23.65,23.65,23.0,23.65,395561,0
2017-02-15,23.6,23.83,23.4,23.55,282548,0
2017-02-16,23.5,23.65,23.1,23.4,207800,0
2017-02-17,23.3,23.5,23.0,23.45,244870,0
2017-02-21,23.55,23.8,22.85,23.0,293637,0
2017-02-22,22.9,23.2,22.6,22.95,288114,0
2017-02-23,23.05,23.05,22.7,22.8,232575,0
2017-02-24,22.55,23.0,22.25,22.75,154753,0
2017-02-27,22.7,22.7,22.35,22.4,326935,0
2017-02-28,22.3,22.45,21.8,21.85,349745,0
2017-03-01,22.15,22.2,21.75,21.9,417164,0
2017-03-02,21.85,22.08,21.25,21.3,241555,0
2017-03-03,21.3,21.45,20.55,21.1,635689,0
2017-03-06,21.0,21.95,20.75,21.8,542024,0
2017-03-07,21.75,21.96,21.25,21.3,285579,0
2017-03-08,21.4,21.4,20.35,21.0,236972,0
2017-03-09,21.0,21.14,20.55,20.6,145672,0
2017-03-10,20.7,20.85,20.45,20.6,206393,0
2017-03-13,20.55,20.8,20.2,20.8,261665,0
2017-03-14,20.55,20.9,20.5,20.85,254642,0
2017-03-15,20.9,21.85,20.75,21.45,348312,0
2017-03-16,21.55,21.75,21.1,21.4,149048,0
2017-03-17,21.3,21.5,21.15,21.35,297852,0
2017-03-20,21.25,21.25,20.65,20.85,127927,0
2017-03-21,20.85,20.9,20.25,20.35,372733,0
2017-03-22,20.4,20.5,20.05,20.5,159360,0
2017-03-23,20.5,20.75,20.15,20.55,224084,0
2017-03-24,20.55,20.85,20.45,20.5,307821,0
2017-03-27,20.25,20.5,20.03,20.45,219627,0
2017-03-28,20.35,21.15,20.15,20.85,226519,0
2017-03-29,20.85,21.55,20.75,21.25,275322,0
2017-03-30,21.3,22.05,21.2,21.6,271214,0
2017-03-31,21.6,21.7,21.25,21.35,224602,0
2017-04-03,21.3,21.4,20.3,20.55,298246,0
2017-04-04,20.35,20.95,20.35,20.95,197974,0
2017-04-05,21.05,21.35,20.8,20.95,235144,0
2017-04-06,20.9,21.0,20.63,20.7,243367,0
2017-04-07,20.6,20.6,20.15,20.3,177616,0
2017-04-10,20.35,20.83,20.3,20.4,218654,0
2017-04-11,20.2,20.5,19.23,19.3,475636,0
2017-04-12,19.2,19.3,18.85,19.05,377474,0
2017-04-13,19.45,19.75,18.9,19.0,274284,0
2017-04-17,19.1,19.35,18.95,19.25,231112,0
2017-04-18,19.15,19.5,19.15,19.35,137724,0
2017-04-19,19.5,20.1,19.4,19.85,239698,0
2017-04-20,19.9,20.4,19.8,20.4,311179,0
2017-04-21,20.35,20.58,19.73,20.45,270299,0
2017-04-24,20.85,20.9,20.4,20.45,181062,0
2017-04-25,20.6,20.68,19.93,20.0,249476,0
2017-04-26,19.9,20.4,19.75,19.95,393137,0
2017-04-27,19.75,19.9,18.9,19.4,415081,0
2017-04-28,19.4,19.52,18.7,18.75,250808,0
2017-05-01,18.75,18.95,18.5,18.9,300660,0
2017-05-02,19.0,20.2,19.0,20.05,685389,0
2017-05-03,19.95,19.95,19.65,19.65,260086,0
2017-05-04,19.65,19.85,19.4,19.55,173311,0
2017-05-05,19.55,19.85,19.38,19.8,320362,0
2017-05-08,19.8,19.85,19.3,19.3,282382,0
2017-05-09,19.4,19.5,19.0,19.05,163218,0
2017-05-10,18.9,19.03,18.7,18.9,229138,0
2017-05-11,18.75,18.85,18.3,18.75,177716,0
2017-05-12,18.65,19.0,18.1,18.55,355704,0
2017-05-15,18.45,18.8,18.45,18.63,145176,0
2017-05-16,18.55,18.65,18.45,18.55,107064,0
2017-05-17,18.3,18.45,17.95,17.95,236822,0
2017-05-18,17.95,18.65,17.95,18.5,222196,0
2017-05-19,18.5,18.6,17.9,18.3,457059,0
2017-05-22,18.45,19.08,18.4,18.9,289786,0
2017-05-23,18.85,19.0,18.25,18.95,211524,0
2017-05-24,19.0,19.2,18.5,18.55,175350,0
2017-05-25,18.65,18.96,18.5,18.75,293144,0
2017-05-26,18.7,18.8,18.5,18.55,113504,0
2017-05-30,18.45,19.05,18.15,18.85,126065,0
2017-05-31,18.95,18.95,18.5,18.65,130068,0
2017-06-01,18.75,19.9,18.6,19.35,368618,0
2017-06-02,19.35,19.93,19.0,19.45,330157,0
2017-06-05,19.35,19.69,19.3,19.45,198772,0
2017-06-06,19.3,19.45,19.0,19.25,150727,0
2017-06-07,19.35,19.5,19.05,19.35,139828,0
2017-06-08,19.45,19.45,18.95,19.25,193274,0
2017-06-09,19.35,19.95,19.2,19.75,279109,0
2017-06-12,19.7,20.27,19.7,19.8,379303,0
2017-06-13,19.85,20.15,19.5,19.55,230149,0
2017-06-14,19.45,19.67,19.4,19.55,157058,0
2017-06-15,19.3,20.05,19.27,20.0,274083,0
2017-06-16,19.6,20.4,19.6,20.4,333289,0
2017-06-19,20.5,20.5,20.05,20.1,132096,0
2017-06-20,20.0,20.0,19.35,19.4,220498,0
2017-06-21,19.45,19.45,19.05,19.05,160522,0
2017-06-22,19.05,19.5,18.98,19.4,92897,0
2017-06-23,19.4,20.15,19.25,20.1,324320,0
2017-06-26,20.2,20.3,19.35,19.35,257587,0
2017-06-27,19.4,19.93,19.35,19.45,309713,0
2017-06-28,19.6,19.85,19.48,19.75,318965,0
2017-06-29,19.7,19.95,19.33,19.5,260088,0
2017-06-30,19.5,20.0,19.25,19.9,186696,0
2017-07-03,20.0,20.6,20.0,20.55,111580,0
2017-07-05,20.55,20.7,19.8,20.25,238407,0
2017-07-06,20.1,20.1,19.55,19.55,230042,0
2017-07-07,19.8,20.13,19.55,20.1,180351,0
2017-07-10,20.15,20.15,19.2,19.35,192673,0
2017-07-11,19.35,19.55,19.0,19.1,280980,0
2017-07-12,19.25,19.45,18.8,19.2,142510,0
2017-07-13,19.1,19.55,18.88,19.0,154014,0
2017-07-14,18.95,19.5,18.85,19.3,168907,0
2017-07-17,19.35,19.8,18.9,19.15,215183,0
2017-07-18,19.0,19.0,18.55,18.55,160498,0
2017-07-19,18.6,19.1,18.55,18.7,162055,0
2017-07-20,18.65,18.73,18.05,18.3,738240,0
2017-07-21,18.4,18.4,17.85,17.95,517984,0
2017-07-24,17.95,18.0,17.5,17.85,255419,0
2017-07-25,17.95,18.6,17.7,18.25,350593,0
2017-07-26,18.35,18.35,17.65,17.85,320222,0
2017-07-27,17.95,18.25,17.2,17.35,418553,0
2017-07-28,14.2,14.8,13.7,13.85,1962267,0
2017-07-31,13.7,13.95,13.0,13.65,1297594,0
2017-08-01,13.75,14.3,13.55,13.85,732598,0
2017-08-02,13.9,14.65,13.78,14.2,627668,0
2017-08-03,14.3,14.6,14.15,14.35,317953,0
2017-08-04,14.35,15.05,14.33,14.8,450811,0
2017-08-07,13.95,14.95,13.1,14.68,494524,0
2017-08-08,14.6,14.95,14.6,14.83,305893,0
2017-08-09,14.75,14.75,14.05,14.05,301869,0
2017-08-10,14.05,14.2,13.8,14.05,221501,0
2017-08-11,14.0,14.1,13.8,13.9,499854,0
2017-08-14,13.95,14.25,13.9,14.15,617110,0
2017-08-15,14.1,14.3,13.9,13.9,591871,0
2017-08-16,14.0,14.08,13.83,13.95,333138,0
2017-08-17,13.85,14.1,13.7,13.8,292504,0
2017-08-18,13.7,14.15,13.7,14.0,546463,0
2017-08-21,14.0,14.1,13.85,13.9,258042,0
2017-08-22,13.9,14.35,13.9,14.1,448631,0
2017-08-23,14.0,14.13,13.45,13.6,485802,0
2017-08-24,13.65,13.65,13.35,13.45,266612,0
2017-08-25,13.55,14.0,13.25,13.8,666382,0
2017-08-28,13.8,14.1,13.7,13.95,274181,0
2017-08-29,13.85,14.45,13.75,14.4,345326,0
2017-08-30,14.4,15.35,14.4,15.15,619286,0
2017-08-31,15.15,15.45,15.05,15.2,347632,0
2017-09-01,15.2,15.53,15.05,15.25,431115,0
2017-09-05,15.15,15.35,14.85,15.1,331064,0
2017-09-06,15.2,15.3,15.0,15.15,299716,0
2017-09-07,15.2,15.4,15.1,15.3,513823,0
2017-09-08,15.3,15.6,15.13,15.5,333938,0
2017-09-11,15.6,16.15,15.3,15.9,496172,0
2017-09-12,15.7,16.35,15.5,16.05,483301,0
2017-09-13,15.95,16.2,15.85,15.9,433706,0
2017-09-14,15.95,15.95,15.75,15.85,514760,0
2017-09-15,15.9,16.75,15.8,16.75,723732,0
2017-09-18,16.95,17.6,16.7,17.25,815240,0
2017-09-19,17.25,17.6,17.1,17.35,579916,0
2017-09-20,17.35,18.0,17.25,17.95,491329,0
2017-09-21,17.8,18.01,17.7,17.8,373292,0
2017-09-22,17.8,18.2,17.77,18.1,301648,0
2017-09-25,18.05,18.15,17.75,17.75,359552,0
2017-09-26,17.7,18.7,17.7,18.4,450691,0
2017-09-27,18.4,18.93,18.4,18.75,515964,0
2017-09-28,18.8,18.8,18.4,18.55,304391,0
2017-09-29,18.7,19.3,18.2,18.85,712673,0
2017-10-02,19.0,19.5,18.85,19.35,593602,0
2017-10-03,19.4,19.45,19.05,19.4,514527,0
2017-10-04,19.35,19.55,18.9,19.05,573952,0
2017-10-05,19.1,19.6,18.9,19.4,617702,0
2017-10-06,19.4,19.75,19.25,19.65,528034,0
2017-10-09,19.65,19.9,19.35,19.65,405624,0
2017-10-10,19.65,19.8,19.55,19.65,305507,0
2017-10-11,19.7,19.7,19.15,19.3,510427,0
2017-10-12,19.45,19.75,19.15,19.65,402980,0
2017-10-13,19.7,20.02,19.6,19.95,565412,0
2017-10-16,20.0,20.05,19.25,19.4,341702,0
2017-10-17,19.3,19.3,18.75,18.8,328812,0
2017-10-18,18.95,19.15,18.8,19.1,373414,0
2017-10-19,18.9,19.3,18.7,19.25,356596,0
2017-10-20,19.4,19.8,19.15,19.35,342351,0
2017-10-23,19.35,19.75,19.3,19.65,264368,0
2017-10-24,19.7,20.15,19.6,19.65,244099,0
2017-10-25,19.6,20.05,19.35,19.7,677290,0
2017-10-26,25.75,26.08,22.5,22.9,2812508,0
2017-10-27,23.2,24.35,23.0,23.85,1067852,0
2017-10-30,23.9,24.25,23.65,23.95,543547,0
2017-10-31,23.95,24.35,23.1,24.05,603863,0
2017-11-01,24.45,24.45,23.58,24.1,656092,0
2017-11-02,24.05,24.15,23.45,23.8,466573,0
2017-11-03,23.95,23.95,23.15,23.2,471935,0
2017-11-06,23.3,23.65,23.2,23.4,431709,0
2017-11-07,23.5,24.1,23.5,23.95,568857,0
2017-11-08,23.75,24.15,23.3,23.9,978528,0
2017-11-09,23.95,24.15,23.45,23.8,362159,0
2017-11-10,23.7,23.95,23.7,23.85,422619,0
2017-11-13,23.7,24.33,23.6,23.85,405972,0
2017-11-14,23.75,24.15,23.6,24.1,306135,0
2017-11-15,23.95,24.1,23.75,23.95,443567,0
2017-11-16,24.05,24.15,23.8,23.9,434591,0
2017-11-17,23.75,24.15,23.25,24.0,421865,0
2017-11-20,24.15,24.85,23.95,24.7,685548,0
2017-11-21,24.7,25.4,24.45,25.33,429124,0
2017-11-22,25.45,26.05,25.28,25.45,471921,0
2017-11-24,25.5,25.5,24.7,25.05,220704,0
2017-11-27,24.95,25.43,24.85,24.9,319950,0
2017-11-28,25.05,26.1,25.05,25.85,452461,0
2017-11-29,26.0,26.65,25.8,26.55,535840,0
2017-11-30,26.5,27.0,26.3,27.0,475018,0
2017-12-01,27.05,27.25,25.95,26.85,737279,0
2017-12-04,27.05,27.5,27.05,27.4,586893,0
2017-12-05,27.35,27.35,26.2,26.45,449425,0
2017-12-06,26.4,26.65,26.2,26.5,526428,0
2017-12-07,26.55,27.5,26.2,27.2,387469,0
2017-12-08,27.6,27.95,27.1,27.45,289405,0
2017-12-11,27.45,28.0,27.35,27.85,414759,0
2017-12-12,27.85,28.07,27.65,27.9,378185,0
2017-12-13,27.8,28.3,27.4,28.1,406826,0
2017-12-14,27.25,27.4,26.4,26.5,794825,0
2017-12-15,26.6,27.35,26.4,26.95,744125,0
2017-12-18,27.25,28.05,27.25,27.8,422040,0
2017-12-19,27.75,27.9,27.5,27.6,282883,0
2017-12-20,27.85,28.0,27.52,27.55,278421,0
2017-12-21,27.35,27.8,26.0,27.55,1019254,0
2017-12-22,27.5,28.95,27.5,28.55,443326,0
2017-12-26,28.5,28.85,28.3,28.7,501410,0
2017-12-27,28.65,28.9,28.4,28.7,357858,0
2017-12-28,28.8,29.0,28.2,28.4,252133,0
2017-12-29,28.6,28.95,28.0,28.0,238237,0
2018-01-02,28.25,28.5,27.73,28.05,420246,0
2018-01-03,28.1,28.35,27.8,28.05,239990,0
2018-01-04,28.35,28.6,27.6,27.9,261778,0
2018-01-05,28.0,28.0,27.2,27.65,156160,0
2018-01-08,27.85,28.55,27.65,28.45,320202,0
2018-01-09,28.6,28.9,28.35,28.4,305964,0
2018-01-10,28.4,28.6,28.15,28.25,183472,0
2018-01-11,28.5,28.95,28.4,28.9,326706,0
2018-01-12,28.9,29.15,28.45,29.05,205159,0
2018-01-16,29.15,29.7,28.07,28.75,318915,0
2018-01-17,28.95,29.0,28.27,28.85,192013,0
2018-01-18,28.8,29.3,28.65,29.1,414595,0
2018-01-19,29.05,29.75,28.45,29.7,367323,0
2018-01-22,29.5,29.75,28.46,29.65,226149,0
2018-01-23,29.65,30.0,29.5,29.7,270791,0
2018-01-24,29.8,29.95,29.3,29.55,242397,0
2018-01-25,29.6,30.3,29.4,30.15,528485,0
2018-01-26,30.3,30.65,30.0,30.6,445324,0
2018-01-29,32.9,32.95,30.05,30.35,375585,0
2018-01-30,30.1,30.2,27.76,30.05,228705,0
2018-01-31,30.15,30.6,29.2,29.2,354501,0
2018-02-01,29.1,29.55,28.65,29.5,346611,0
2018-02-02,29.3,29.6,28.88,29.05,303146,0
2018-02-05,28.85,29.4,27.8,28.15,239944,0
2018-02-06,27.45,28.7,27.05,28.4,302498,0
2018-02-07,28.15,29.7,28.05,29.25,440087,0
2018-02-08,31.5,32.5,28.45,28.65,1554913,0
2018-02-09,29.15,30.35,27.65,28.45,634854,0
2018-02-12,28.65,29.7,28.45,29.45,519472,0
2018-02-13,29.4,29.6,28.9,29.35,381692,0
2018-02-14,29.2,29.95,28.95,29.5,356971,0
2018-02-15,29.8,29.8,28.2,28.8,490517,0
2018-02-16,28.75,28.95,27.8,27.85,486767,0
2018-02-20,27.65,28.12,26.95,27.1,560823,0
2018-02-21,27.1,27.95,26.65,26.75,653068,0
2018-02-22,26.95,28.25,26.95,27.35,323436,0
2018-02-23,25.9,27.2,24.35,26.95,536115,0
2018-02-26,27.0,27.75,27.0,27.75,256913,0
2018-02-27,27.7,28.25,27.5,27.6,553535,0
2018-02-28,27.6,27.8,26.35,26.45,502941,0
2018-03-01,26.5,27.1,25.9,26.25,552668,0
2018-03-02,26.05,26.5,25.85,26.4,437472,0
2018-03-05,26.2,26.4,25.55,25.8,390821,0
2018-03-06,25.85,26.1,25.65,25.9,403893,0
2018-03-07,25.75,26.0,25.49,25.65,345101,0
2018-03-08,25.7,26.15,25.4,25.95,362423,0
2018-03-09,26.1,26.95,26.05,26.9,363421,0
2018-03-12,26.8,27.15,26.5,26.65,265273,0
2018-03-13,26.75,27.4,26.6,27.1,648372,0
2018-03-14,27.15,27.3,26.5,26.95,270198,0
2018-03-15,27.05,27.6,26.8,27.55,417002,0
2018-03-16,27.6,27.8,26.9,27.55,737212,0
2018-03-19,27.5,27.6,27.0,27.6,274570,0
2018-03-20,27.7,28.0,27.5,27.65,181065,0
2018-03-21,27.7,28.39,27.5,28.05,337200,0
2018-03-22,27.75,28.4,27.35,28.3,370686,0
2018-03-23,28.25,28.35,27.5,27.7,536617,0
2018-03-26,28.0,28.2,27.4,27.85,233989,0
2018-03-27,28.0,28.0,26.2,26.3,302063,0
2018-03-28,26.3,26.65,25.85,26.3,696830,0
2018-03-29,26.45,27.8,26.35,27.6,392877,0
2018-04-02,27.5,27.75,26.85,27.5,333651,0
2018-04-03,27.6,29.15,27.5,29.1,676202,0
2018-04-04,28.6,29.3,28.38,29.05,386618,0
2018-04-05,29.25,29.4,28.7,29.05,256370,0
2018-04-06,28.65,29.05,27.85,28.0,302338,0
2018-04-09,28.3,28.5,27.75,27.85,306526,0
2018-04-10,28.3,28.7,28.05,28.35,217962,0
2018-04-11,28.3,28.5,27.95,28.5,227697,0
2018-04-12,28.65,29.29,27.35,28.85,203419,0
2018-04-13,28.85,28.9,28.2,28.8,234645,0
2018-04-16,29.15,30.43,28.85,30.1,463798,0
2018-04-17,30.25,30.5,29.95,30.2,242155,0
2018-04-18,30.35,30.98,30.35,30.6,255877,0
2018-04-19,30.65,30.7,29.75,29.95,175537,0
2018-04-20,29.9,30.15,29.43,29.9,224560,0
2018-04-23,29.8,30.0,29.12,29.25,314722,0
2018-04-24,29.4,29.45,27.6,27.7,559390,0
2018-04-25,28.1,28.45,27.25,27.9,819949,0
2018-04-26,30.45,30.45,26.65,27.55,1013070,0
2018-04-27,27.7,28.3,26.25,27.4,426622,0
2018-04-30,27.55,28.2,27.1,27.3,676220,0
2018-05-01,27.4,27.45,26.25,26.45,475433,0
2018-05-02,26.6,26.85,26.0,26.05,393418,0
2018-05-03,25.95,26.36,25.35,25.95,414259,0
2018-05-04,26.0,26.45,25.45,26.15,428101,0
2018-05-07,26.15,26.8,25.9,26.65,620044,0
2018-05-08,26.4,27.6,26.4,27.5,453684,0
2018-05-09,27.7,28.1,27.6,28.0,315474,0
2018-05-10,28.0,28.2,27.7,27.95,289996,0
2018-05-11,27.95,28.6,27.95,28.1,354295,0
2018-05-14,28.2,28.5,27.35,27.7,219053,0
2018-05-15,27.65,27.75,27.35,27.4,214243,0
2018-05-16,27.45,27.5,27.0,27.2,240276,0
2018-05-17,27.2,27.7,27.2,27.35,292871,0
2018-05-18,27.4,27.77,27.05,27.5,265515,0
2018-05-21,27.6,28.05,27.6,28.0,247345,0
2018-05-22,28.0,28.05,27.5,27.5,203460,0
2018-05-23,27.45,27.68,27.0,27.65,150938,0
2018-05-24,27.7,27.85,27.55,27.7,241122,0
2018-05-25,27.7,28.1,27.55,27.75,207640,0
2018-05-29,27.55,27.75,27.3,27.55,278953,0
2018-05-30,27.7,28.25,27.7,27.85,267319,0
2018-05-31,27.9,27.95,27.5,27.8,258166,0
2018-06-01,27.85,28.52,27.85,28.45,266702,0
2018-06-04,28.5,28.8,28.15,28.35,337797,0
2018-06-05,28.35,28.85,28.25,28.35,240588,0
2018-06-06,28.3,28.45,27.8,28.1,278381,0
2018-06-07,28.05,28.2,27.65,27.85,450797,0
2018-06-08,27.85,28.75,27.75,28.6,387293,0
2018-06-11,28.7,29.8,28.25,29.7,391041,0
2018-06-12,29.75,30.4,29.65,30.2,343650,0
2018-06-13,30.3,31.2,30.25,30.8,573611,0
2018-06-14,30.75,30.8,30.35,30.45,214711,0
2018-06-15,30.3,30.75,29.8,30.55,307126,0
2018-06-18,30.5,30.9,30.0,30.4,282765,0
2018-06-19,31.0,31.6,30.5,31.35,508912,0
2018-06-20,31.55,32.45,31.2,31.95,547845,0
2018-06-21,31.9,32.15,31.25,31.8,347565,0
2018-06-22,32.2,32.45,30.61,31.2,1432064,0
2018-06-25,31.0,31.05,29.82,30.15,460703,0
2018-06-26,30.35,31.7,29.2,29.55,398040,0
2018-06-27,29.55,29.9,28.8,28.85,214458,0
2018-06-28,28.75,28.85,28.35,28.7,263213,0
2018-06-29,28.95,29.5,28.75,29.25,277962,0
2018-07-02,29.05,29.45,28.8,29.45,477117,0
2018-07-03,29.45,29.8,29.15,29.4,120271,0
2018-07-05,29.5,29.5,28.8,29.1,208627,0
2018-07-06,29.1,29.7,28.9,29.4,146070,0
2018-07-09,29.75,29.9,29.25,29.8,156814,0
2018-07-10,29.95,30.15,29.05,29.45,167575,0
2018-07-11,29.2,29.35,28.8,29.1,149610,0
2018-07-12,29.25,29.75,28.84,29.6,349290,0
2018-07-13,29.65,29.85,29.2,29.75,255432,0
2018-07-16,30.25,31.55,29.12,29.5,672244,0
2018-07-17,29.35,30.05,28.7,28.95,247924,0
2018-07-18,29.05,29.45,28.8,29.35,371620,0
2018-07-19,29.25,30.7,29.25,30.6,323956,0
2018-07-20,30.55,31.55,30.5,31.45,659325,0
2018-07-23,31.5,31.8,31.1,31.35,331890,0
2018-07-24,31.7,32.0,30.35,30.7,620200,0
2018-07-25,30.8,31.4,30.75,31.2,385493,0
2018-07-26,31.75,32.4,30.8,32.0,1751632,0
2018-07-27,32.25,33.35,31.8,32.4,629544,0
2018-07-30,32.6,33.95,32.25,32.35,772172,0
2018-07-31,32.55,34.65,32.42,34.45,1114123,0
2018-08-01,34.5,34.83,33.05,33.95,494028,0
2018-08-02,33.6,34.45,33.55,34.0,446042,0
2018-08-03,34.05,34.32,33.55,33.55,295243,0
2018-08-06,33.75,33.85,32.8,33.0,343138,0
2018-08-07,33.0,33.08,32.5,33.0,379060,0
2018-08-08,33.1,33.1,32.45,32.9,287435,0
2018-08-09,32.8,33.55,32.55,32.6,462069,0
2018-08-10,32.45,33.1,31.07,32.9,364201,0
2018-08-13,32.9,33.15,32.35,32.6,264249,0
2018-08-14,32.7,33.1,32.25,32.45,222065,0
2018-08-15,32.25,32.5,31.61,32.35,246764,0
2018-08-16,32.45,32.88,32.0,32.7,207557,0
2018-08-17,32.75,32.9,32.15,32.25,202357,0
2018-08-20,32.25,33.1,32.05,32.9,213956,0
2018-08-21,32.9,33.45,32.9,33.4,228049,0
2018-08-22,33.4,33.75,32.8,33.3,276654,0
2018-08-23,33.3,33.35,32.9,33.05,261329,0
2018-08-24,33.05,33.45,32.8,33.4,162452,0
2018-08-27,33.55,33.95,33.35,33.55,338520,0
2018-08-28,33.7,33.9,32.95,33.15,336293,0
2018-08-29,33.2,33.2,32.35,32.75,315267,0
2018-08-30,32.65,32.65,31.65,32.45,457484,0
2018-08-31,32.5,33.75,31.9,33.2,397859,0
2018-09-04,33.05,33.5,32.85,33.45,158001,0
2018-09-05,33.5,34.34,33.2,33.9,509820,0
2018-09-06,34.05,34.7,34.05,34.25,256656,0
2018-09-07,34.1,34.4,33.65,34.2,243830,0
2018-09-10,34.3,36.75,34.2,36.65,808196,0
2018-09-11,36.7,36.73,36.15,36.25,353009,0
2018-09-12,36.15,36.27,35.45,35.75,333580,0
2018-09-13,35.9,36.05,34.4,34.85,316669,0
2018-09-14,34.6,35.6,34.2,35.1,297868,0
2018-09-17,35.2,35.6,34.05,34.4,329872,0
2018-09-18,34.45,35.1,34.35,34.85,420853,0
2018-09-19,34.85,35.5,34.45,35.35,363731,0
2018-09-20,35.55,36.1,35.45,36.05,668831,0
2018-09-21,36.0,36.5,35.45,35.6,977370,0
2018-09-24,35.55,35.55,32.0,33.15,1105938,0
2018-09-25,33.2,33.35,32.7,32.95,330808,0
2018-09-26,32.9,33.66,32.5,33.4,171026,0
