Date,Open,High,Low,Close,Volume,Dividend
1995-01-03,24.38,24.38,24.0,24.0,26300,0
1995-01-04,23.88,24.0,23.13,23.25,128700,0
1995-01-05,23.63,23.63,23.0,23.0,59700,0
1995-01-06,23.75,24.25,23.5,24.25,98000,0
1995-01-09,24.0,24.25,24.0,24.25,31600,0
1995-01-10,24.63,24.75,24.5,24.63,180500,0
1995-01-11,24.5,25.25,24.5,24.88,122800,0
1995-01-12,25.0,25.0,24.5,24.5,286100,0
1995-01-13,24.75,25.75,24.75,25.75,352700,0
1995-01-16,25.88,26.13,25.63,25.63,178500,0
1995-01-17,25.75,26.0,25.63,26.0,91800,0
1995-01-18,26.0,26.0,25.63,25.88,184800,0
1995-01-19,25.75,27.0,25.75,27.0,190700,0
1995-01-20,26.75,26.75,26.63,26.63,203100,0
1995-01-23,26.5,26.75,26.5,26.75,109800,0
1995-01-24,27.25,27.38,27.13,27.25,125000,0
1995-01-25,27.0,27.38,27.0,27.38,75700,0
1995-01-26,27.38,27.63,27.13,27.63,261500,0
1995-01-27,27.63,27.75,26.5,26.5,170800,0
1995-01-30,26.75,27.75,26.63,27.25,303900,0
1995-01-31,26.25,26.25,26.25,26.25,229300,0
1995-02-01,25.75,26.63,25.75,26.25,45900,0
1995-02-02,26.13,26.5,25.88,26.38,42900,0
1995-02-03,26.63,27.0,26.63,27.0,88700,0
1995-02-06,26.63,26.88,26.63,26.63,67400,0
1995-02-07,26.5,27.0,26.5,26.63,175800,0
1995-02-08,26.63,27.38,26.63,27.38,110600,0
1995-02-09,27.25,27.38,27.13,27.13,49900,0
1995-02-10,27.13,27.13,27.0,27.0,45700,0
1995-02-13,27.13,27.75,27.0,27.75,89300,0
1995-02-14,27.5,27.75,26.88,26.88,54500,0
1995-02-15,27.13,28.0,27.0,28.0,76400,0
1995-02-16,27.88,28.63,27.88,28.5,179000,0
1995-02-17,28.38,28.38,28.25,28.25,69400,0
1995-02-21,28.5,28.5,28.25,28.5,29500,0
1995-02-22,28.25,28.25,27.63,27.63,42800,0
1995-02-23,27.75,27.75,27.5,27.5,43400,0
1995-02-24,27.63,27.75,26.88,27.25,48600,0
1995-02-27,27.13,27.25,26.38,26.75,124300,0
1995-02-28,26.5,27.0,26.5,27.0,47900,0
1995-03-01,27.0,27.0,26.75,26.75,46100,0
1995-03-02,26.75,26.88,26.5,26.88,99200,0
1995-03-03,27.0,27.0,26.63,26.88,15000,0
1995-03-06,26.5,26.75,26.25,26.25,96100,0
1995-03-07,26.13,26.25,25.38,25.75,152200,0
1995-03-08,25.88,26.25,25.75,26.25,46500,0
1995-03-09,26.13,26.38,26.13,26.38,212200,0
1995-03-10,26.5,26.75,26.5,26.75,145400,0
1995-03-13,26.63,26.88,26.5,26.63,52500,0
1995-03-14,26.63,26.75,26.5,26.75,72200,0
1995-03-15,26.63,26.63,26.5,26.5,95600,0
1995-03-16,26.25,26.38,26.13,26.13,91300,0
1995-03-17,26.25,26.38,26.13,26.38,42000,0
1995-03-20,26.38,26.38,25.88,26.0,89600,0
1995-03-21,26.13,26.13,25.88,26.13,53000,0
1995-03-22,25.75,26.25,25.75,26.13,140200,0
1995-03-23,26.0,26.13,25.5,25.88,47100,0
1995-03-24,25.88,26.0,25.38,26.0,89500,0
1995-03-27,26.13,26.25,25.88,26.25,38800,0
1995-03-28,26.38,26.5,26.25,26.38,42500,0
1995-03-29,26.5,28.0,26.25,27.38,216400,0
1995-03-30,27.5,27.63,27.25,27.38,338100,0
1995-03-31,27.25,27.25,26.88,26.88,106000,0
1995-04-03,26.75,27.25,26.75,27.06,131700,0
1995-04-04,27.25,27.75,27.25,27.5,269300,0
1995-04-05,27.63,27.75,27.63,27.75,22900,0
1995-04-06,28.0,28.25,27.88,28.0,97400,0
1995-04-07,28.13,29.0,28.13,28.63,121700,0
1995-04-10,28.63,28.63,28.25,28.38,105600,0
1995-04-11,28.25,28.38,28.0,28.0,45200,0
1995-04-12,28.25,28.88,28.13,28.88,70800,0
1995-04-13,28.63,29.13,28.63,29.0,126800,0
1995-04-17,29.13,29.38,29.0,29.0,73400,0
1995-04-18,29.0,29.0,28.5,28.75,14100,0
1995-04-19,28.75,29.0,28.63,29.0,50300,0
1995-04-20,29.0,29.13,28.63,28.75,40500,0
1995-04-21,28.88,29.38,28.88,29.25,81500,0
1995-04-24,29.25,29.63,29.25,29.5,43600,0
1995-04-25,29.5,30.13,29.5,30.0,43700,0
1995-04-26,29.75,30.88,29.75,30.88,105500,0
1995-04-27,32.0,32.25,31.63,32.0,231300,0
1995-04-28,32.0,33.75,32.0,33.5,241600,0
1995-05-01,33.63,33.63,33.25,33.25,78500,0
1995-05-02,33.0,33.0,31.75,32.0,104200,0
1995-05-03,31.88,32.5,31.88,32.25,104600,0
1995-05-04,32.25,32.75,32.13,32.13,175600,0
1995-05-05,32.38,32.38,31.75,32.0,51600,0
1995-05-08,32.0,32.25,31.88,32.25,11400,0
1995-05-09,32.5,32.88,32.5,32.75,72300,0
1995-05-10,32.88,33.0,32.63,32.63,51700,0
1995-05-11,32.5,33.0,32.5,33.0,105300,0
1995-05-12,33.0,34.25,32.75,34.25,96900,0
1995-05-15,34.25,35.75,34.0,35.25,91000,0
1995-05-16,35.0,35.0,34.38,34.5,84900,0
1995-05-17,34.38,34.88,34.13,34.88,46800,0
1995-05-18,34.88,34.88,33.63,33.88,48300,0
1995-05-19,33.63,33.63,33.25,33.38,45900,0
1995-05-22,33.5,34.13,33.38,33.88,206200,0
1995-05-23,33.75,33.75,33.13,33.13,152800,0
1995-05-24,33.0,33.13,32.88,32.88,115000,0
1995-05-25,33.0,33.0,32.88,33.0,115700,0
1995-05-26,33.13,33.13,32.5,32.5,132000,0
1995-05-30,32.75,32.75,31.63,31.63,148600,0
1995-05-31,31.88,32.5,31.75,32.5,105700,0
1995-06-01,32.75,32.88,32.38,32.75,109800,0
1995-06-02,32.5,32.63,32.25,32.38,115600,0
1995-06-05,32.13,32.38,32.0,32.25,69700,0
1995-06-06,32.5,32.5,31.63,31.63,184900,0
1995-06-07,31.63,31.63,30.0,30.5,301200,0
1995-06-08,30.75,31.25,30.75,31.0,205200,0
1995-06-09,31.25,31.25,30.75,30.88,114200,0
1995-06-12,30.75,30.88,30.38,30.5,88000,0
1995-06-13,30.75,30.75,30.13,30.25,106300,0
1995-06-14,30.38,30.38,29.5,30.25,431500,0
1995-06-15,30.63,32.38,30.5,32.25,102600,0
1995-06-16,32.0,32.25,31.75,31.88,126800,0
1995-06-19,31.88,32.13,31.5,31.5,126900,0
1995-06-20,31.25,31.88,31.25,31.63,29000,0
1995-06-21,33.0,34.38,32.88,33.63,491700,0
1995-06-22,33.88,34.38,33.63,34.25,300500,0
1995-06-23,34.0,34.38,33.75,34.0,143200,0
1995-06-26,34.0,34.13,33.5,33.5,108600,0
1995-06-27,33.75,34.13,33.38,34.0,84800,0
1995-06-28,34.13,34.13,33.5,33.5,40100,0
1995-06-29,33.38,33.88,33.38,33.88,58800,0
1995-06-30,34.13,35.5,34.13,34.5,170200,0
1995-07-03,35.25,35.25,34.88,35.0,17500,0
1995-07-05,35.0,35.0,34.63,34.88,83400,0
1995-07-06,35.0,36.0,35.0,35.75,122500,0
1995-07-07,36.0,38.63,36.0,38.0,352200,0
1995-07-10,37.88,38.13,37.13,38.0,136800,0
1995-07-11,38.0,38.0,37.25,37.75,106900,0
1995-07-12,37.75,39.38,37.75,39.38,106900,0
1995-07-13,39.25,39.38,37.75,37.75,111400,0
1995-07-14,37.75,37.75,37.0,37.5,79200,0
1995-07-17,37.38,37.63,36.88,37.25,70300,0
1995-07-18,37.13,37.38,36.63,37.0,110300,0
1995-07-19,36.88,37.13,36.0,36.13,134800,0
1995-07-20,36.38,36.5,36.0,36.38,71800,0
1995-07-21,36.63,38.13,36.5,37.5,78500,0
1995-07-24,37.5,38.0,37.5,37.75,220000,0
1995-07-25,37.75,37.88,37.25,37.25,119000,0
1995-07-26,37.5,37.5,36.75,37.13,89800,0
1995-07-27,37.13,37.13,36.63,36.88,49500,0
1995-07-28,37.13,37.25,36.88,36.88,47700,0
1995-07-31,37.13,37.13,36.5,36.88,22400,0
1995-08-01,37.0,37.5,37.0,37.5,57600,0
1995-08-02,37.5,37.63,36.5,36.63,52300,0
1995-08-03,36.75,37.25,36.63,37.13,33200,0
1995-08-04,37.13,37.13,36.13,36.75,89900,0
1995-08-07,36.75,37.0,36.5,37.0,21700,0
1995-08-08,36.63,36.75,36.13,36.5,16700,0
1995-08-09,36.5,37.0,36.5,36.75,33700,0
1995-08-10,36.5,37.0,36.5,36.75,22200,0
1995-08-11,36.88,36.88,36.5,36.75,40700,0
1995-08-14,36.88,37.38,36.75,37.38,23000,0
1995-08-15,37.25,37.75,37.25,37.63,49800,0
1995-08-16,37.63,38.0,37.63,37.88,53800,0
1995-08-17,38.0,38.0,37.38,37.63,34200,0
1995-08-18,37.88,38.0,37.63,37.63,20400,0
1995-08-21,37.75,37.75,37.38,37.38,43200,0
1995-08-22,37.5,37.75,37.5,37.75,32200,0
1995-08-23,37.63,37.88,37.63,37.75,19200,0
1995-08-24,37.5,38.25,37.5,37.88,17600,0
1995-08-25,38.0,38.0,37.63,37.75,27500,0
1995-08-28,37.88,37.88,37.5,37.63,10900,0
1995-08-29,37.5,37.75,37.5,37.5,20500,0
1995-08-30,37.5,38.0,37.5,38.0,26300,0
1995-08-31,38.0,38.38,37.88,38.0,38400,0
1995-09-01,38.25,39.25,38.25,39.13,38900,0
1995-09-05,39.13,39.63,38.63,38.75,65500,0
1995-09-06,38.63,39.0,38.63,38.88,30400,0
1995-09-07,39.13,40.88,39.0,39.88,183500,0
1995-09-08,39.88,40.0,39.13,39.38,31300,0
1995-09-11,39.25,39.5,39.0,39.0,75600,0
1995-09-12,39.13,40.25,39.0,40.13,83800,0
1995-09-13,40.25,40.75,40.13,40.38,49700,0
1995-09-14,40.5,40.5,40.25,40.25,83100,0
1995-09-15,40.38,40.5,39.88,40.5,35600,0
1995-09-18,40.25,41.13,40.25,40.63,27900,0
1995-09-19,40.63,40.88,39.88,40.88,112500,0
1995-09-20,40.75,40.88,40.5,40.63,66100,0
1995-09-21,40.63,40.63,40.25,40.5,31400,0
1995-09-22,40.5,40.5,39.38,39.38,43900,0
1995-09-25,39.38,39.38,38.5,38.75,119300,0
1995-09-26,38.75,38.75,36.88,36.88,221200,0
1995-09-27,36.88,36.88,34.63,35.63,208900,0
1995-09-28,35.63,36.0,34.75,36.0,190000,0
1995-09-29,36.0,36.38,36.0,36.25,147500,0
1995-10-02,36.25,36.25,35.38,35.5,55700,0
1995-10-03,35.5,35.5,35.13,35.25,42800,0
1995-10-04,35.13,35.13,33.88,34.88,147100,0
1995-10-05,35.0,35.13,34.63,34.63,83500,0
1995-10-06,34.75,34.75,34.38,34.5,58000,0
1995-10-09,34.63,34.63,33.13,33.25,42000,0
1995-10-10,33.38,33.5,33.0,33.25,133900,0
1995-10-11,33.25,34.38,33.25,34.38,136400,0
1995-10-12,34.63,34.75,34.25,34.75,137300,0
1995-10-13,34.88,35.0,34.75,34.88,70800,0
1995-10-16,34.63,35.25,34.63,35.13,56100,0
1995-10-17,35.0,35.13,34.5,34.88,21500,0
1995-10-18,34.63,35.0,34.25,34.25,49800,0
1995-10-19,34.25,34.25,33.38,34.0,36400,0
1995-10-20,34.0,34.0,33.0,33.13,168300,0
1995-10-23,33.38,33.38,32.88,33.25,81400,0
1995-10-24,33.25,33.25,32.63,32.75,35700,0
1995-10-25,33.0,33.0,32.38,32.5,50900,0
1995-10-26,32.38,32.5,30.75,31.38,63700,0
1995-10-27,31.0,31.0,28.75,30.75,489300,0
1995-10-30,30.88,31.25,30.88,31.13,180800,0
1995-10-31,31.38,31.75,31.13,31.13,105900,0
1995-11-01,31.25,31.63,30.88,31.13,66200,0
1995-11-02,31.25,31.63,31.13,31.25,70500,0
1995-11-03,31.25,31.88,31.0,31.0,170400,0
1995-11-06,31.13,31.13,30.88,31.0,80600,0
1995-11-07,31.13,31.13,30.5,30.5,213700,0
1995-11-08,30.38,30.5,30.0,30.5,144100,0
1995-11-09,30.25,30.5,29.88,30.25,66000,0
1995-11-10,30.13,30.75,30.0,30.5,50100,0
1995-11-13,30.75,31.75,30.5,31.75,42300,0
1995-11-14,31.5,31.88,31.13,31.25,109400,0
1995-11-15,31.25,31.25,30.25,30.5,146300,0
1995-11-16,30.75,31.75,30.5,30.63,86600,0
1995-11-17,31.13,31.5,30.88,31.25,140400,0
1995-11-20,31.38,32.13,31.38,31.88,86200,0
1995-11-21,31.63,31.63,30.88,31.0,103300,0
1995-11-22,31.0,32.0,30.63,31.38,181300,0
1995-11-24,31.5,31.5,31.13,31.13,27000,0
1995-11-27,31.13,32.0,30.63,31.88,300500,0
1995-11-28,31.5,31.5,30.63,31.0,133800,0
1995-11-29,31.0,31.13,30.0,30.63,209600,0
1995-11-30,30.88,31.38,30.75,30.75,202000,0
1995-12-01,31.0,31.13,30.75,31.13,107500,0
1995-12-04,31.13,31.13,30.63,30.75,91100,0
1995-12-05,30.75,33.25,30.75,33.13,311200,0
1995-12-06,33.0,33.75,32.5,32.75,188000,0
1995-12-07,32.88,33.0,32.38,32.63,113100,0
1995-12-08,32.63,33.13,32.63,32.75,59700,0
1995-12-11,32.5,32.63,32.25,32.5,46000,0
1995-12-12,32.38,32.63,32.0,32.0,51100,0
1995-12-13,32.13,32.13,31.5,31.75,78200,0
1995-12-14,31.88,32.5,31.63,31.63,199500,0
1995-12-15,31.63,32.0,31.25,31.88,130100,0
1995-12-18,31.63,31.75,30.63,30.88,75400,0
1995-12-19,30.63,31.38,30.5,31.25,116600,0
1995-12-20,31.13,31.63,31.0,31.13,124500,0
1995-12-21,31.38,31.5,31.0,31.0,85900,0
1995-12-22,31.0,31.0,30.75,30.75,144400,0
1995-12-26,30.88,31.0,30.63,31.0,174000,0
1995-12-27,30.75,31.5,30.75,31.25,56600,0
1995-12-28,31.38,32.13,31.13,31.88,117000,0
1995-12-29,31.5,31.75,31.38,31.75,69500,0
1996-01-02,31.62,32.88,31.38,32.62,91800,0
1996-01-03,32.38,32.88,32.25,32.25,63100,0
1996-01-04,31.62,32.88,31.38,32.62,71500,0
1996-01-05,32.38,32.88,32.25,32.25,71700,0
1996-01-08,31.75,32.0,31.75,32.0,27000,0
1996-01-09,32.0,33.25,32.0,32.88,106200,0
1996-01-10,31.75,32.0,31.75,32.0,45800,0
1996-01-11,32.0,33.25,32.0,32.88,55200,0
1996-01-12,32.62,32.75,32.38,32.5,184000,0
1996-01-15,32.12,32.62,32.12,32.25,58600,0
1996-01-16,32.38,32.5,31.88,32.0,72600,0
1996-01-17,32.12,32.62,32.12,32.25,93600,0
1996-01-18,32.38,32.5,31.88,32.0,119000,0
1996-01-19,31.88,32.88,31.88,32.62,106600,0
1996-01-22,32.0,32.38,32.0,32.38,70400,0
1996-01-23,32.25,32.88,32.25,32.5,136400,0
1996-01-24,32.0,32.38,32.0,32.38,166100,0
1996-01-25,32.25,32.88,32.25,32.5,594200,0
1996-01-26,32.5,32.62,32.12,32.38,250800,0
1996-01-29,29.0,29.25,28.88,29.0,182700,0
1996-01-30,28.75,28.75,27.75,28.12,277500,0
1996-01-31,29.0,29.25,28.88,29.0,449000,0
1996-02-01,28.75,28.75,27.75,28.12,123900,0
1996-02-02,28.12,28.75,28.12,28.75,168600,0
1996-02-05,30.0,30.38,30.0,30.12,222600,0
1996-02-06,30.0,30.25,29.62,30.12,176700,0
1996-02-07,30.25,30.62,30.25,30.38,173800,0
1996-02-08,30.38,32.0,30.38,31.88,200000,0
1996-02-09,31.75,32.25,31.5,31.62,204900,0
1996-02-12,31.5,31.62,30.88,30.88,36700,0
1996-02-13,30.5,31.25,30.5,31.0,189500,0
1996-02-14,31.12,31.25,31.0,31.12,99800,0
1996-02-15,31.0,31.5,31.0,31.38,112900,0
1996-02-16,31.38,31.38,31.0,31.12,96700,0
1996-02-20,31.12,31.38,31.12,31.25,70000,0
1996-02-21,31.12,31.88,31.12,31.62,81100,0
1996-02-22,31.5,31.75,31.12,31.75,98900,0
1996-02-23,31.75,32.88,31.75,32.75,72600,0
1996-02-26,32.75,33.12,32.75,33.0,130700,0
1996-02-27,32.75,33.38,32.75,33.12,148100,0
1996-02-28,33.12,33.12,32.5,32.5,145500,0
1996-02-29,32.75,33.0,32.25,32.38,52800,0
1996-03-01,32.38,32.5,32.12,32.25,59000,0
1996-03-04,32.12,32.75,32.12,32.62,30500,0
1996-03-05,32.5,33.25,32.5,33.25,61700,0
1996-03-06,32.12,32.75,32.12,32.62,151100,0
1996-03-07,32.5,33.25,32.5,33.25,163500,0
1996-03-08,33.5,35.0,33.38,34.5,38900,0
1996-03-11,32.75,34.88,32.62,34.75,59700,0
1996-03-12,34.62,34.62,34.12,34.25,68900,0
1996-03-13,32.75,34.88,32.62,34.75,42600,0
1996-03-14,34.62,34.62,34.12,34.25,62100,0
1996-03-15,34.25,34.88,34.25,34.75,106800,0
1996-03-18,34.0,35.12,34.0,35.12,128200,0
1996-03-19,35.0,37.25,35.0,36.38,233100,0
1996-03-20,34.0,35.12,34.0,35.12,270900,0
1996-03-21,35.88,37.25,35.0,36.38,83200,0
1996-03-22,36.75,36.75,36.12,36.62,80200,0
1996-03-25,36.75,36.88,36.38,36.5,95900,0
1996-03-26,36.25,36.38,36.12,36.38,39600,0
1996-03-27,36.75,36.88,36.38,36.5,107000,0
1996-03-28,36.25,36.38,36.12,36.38,94300,0
1996-03-29,36.25,36.75,36.25,36.62,70400,0
1996-04-01,35.75,36.38,35.75,36.38,157200,0
1996-04-02,35.75,36.38,35.75,36.38,64200,0
1996-04-03,36.38,36.38,35.5,35.75,23700,0
1996-04-04,36.0,36.25,35.88,36.12,46300,0
1996-04-08,35.38,35.38,34.75,34.75,43800,0
1996-04-09,35.38,35.38,34.75,34.75,225900,0
1996-04-10,34.88,35.0,34.38,34.38,118800,0
1996-04-11,34.5,34.5,34.0,34.38,86100,0
1996-04-12,34.5,34.75,34.38,34.62,98900,0
1996-04-15,34.88,35.25,34.88,35.12,26600,0
1996-04-16,34.88,35.25,34.88,35.12,142900,0
1996-04-17,34.62,36.25,34.62,36.25,18400,0
1996-04-18,36.25,36.5,36.12,36.25,85300,0
1996-04-19,36.5,36.75,36.38,36.75,61700,0
1996-04-22,37.38,38.25,37.38,38.25,78300,0
1996-04-23,37.38,38.25,37.38,38.25,47800,0
1996-04-24,38.0,38.12,37.0,37.0,105700,0
1996-04-25,36.75,37.0,36.38,36.62,117600,0
1996-04-26,36.75,36.88,36.25,36.25,67700,0
1996-04-29,37.38,37.88,37.0,37.25,77900,0
1996-04-30,37.38,37.88,37.0,37.25,120700,0
1996-05-01,37.38,38.0,37.38,37.88,73100,0
1996-05-02,37.75,37.88,36.88,36.88,114400,0
1996-05-03,37.88,37.88,37.62,37.75,35700,0
1996-05-06,36.75,36.88,36.75,36.88,84500,0
1996-05-07,36.75,37.12,36.75,37.0,64500,0
1996-05-08,36.75,36.88,36.75,36.88,38500,0
1996-05-09,36.75,37.12,36.75,37.0,43500,0
1996-05-10,36.75,36.88,36.12,36.75,52800,0
1996-05-13,36.75,36.75,36.5,36.62,46400,0
1996-05-14,36.75,36.88,36.62,36.62,35900,0
1996-05-15,36.75,36.75,36.5,36.62,69100,0
1996-05-16,36.75,36.88,36.62,36.62,18800,0
1996-05-17,36.62,37.0,36.38,36.88,12700,0
1996-05-20,37.25,37.25,36.75,36.88,49800,0
1996-05-21,36.75,37.0,36.38,37.0,79400,0
1996-05-22,37.12,37.25,36.75,36.88,15500,0
1996-05-23,36.75,37.0,36.38,37.0,73000,0
1996-05-24,36.88,37.0,36.75,36.88,20800,0
1996-05-28,37.12,37.25,37.12,37.25,9100,0
1996-05-29,37.25,37.25,37.12,37.12,7700,0
1996-05-30,37.12,37.25,37.12,37.25,36300,0
1996-05-31,37.25,37.25,37.12,37.12,60500,0
1996-06-03,37.0,37.12,36.88,37.12,34000,0
1996-06-04,37.0,37.12,36.88,37.12,74700,0
1996-06-05,37.0,37.38,37.0,37.12,65200,0
1996-06-06,37.0,37.88,37.0,37.75,116600,0
1996-06-07,37.75,37.75,36.88,37.0,47000,0
1996-06-10,37.25,37.5,37.0,37.0,31100,0
1996-06-11,36.88,37.25,36.62,36.62,115200,0
1996-06-12,36.88,37.25,36.62,36.62,145400,0
1996-06-13,36.62,36.88,36.62,36.75,32900,0
1996-06-14,36.62,36.88,36.62,36.88,43800,0
1996-06-17,36.75,36.88,36.75,36.88,98600,0
1996-06-18,36.75,36.88,36.75,36.88,97000,0
1996-06-19,36.88,36.88,36.38,36.5,103600,0
1996-06-20,36.25,36.5,35.88,36.0,64100,0
1996-06-21,35.88,36.0,35.25,35.5,67500,0
1996-06-24,35.25,35.5,35.25,35.5,87000,0
1996-06-25,35.25,35.5,35.25,35.5,97200,0
1996-06-26,35.25,35.25,34.38,34.38,217100,0
1996-06-27,34.38,34.5,33.88,34.0,88900,0
1996-06-28,34.12,34.25,33.75,33.75,175200,0
1996-07-01,33.88,34.0,32.5,32.75,302500,0
1996-07-02,33.0,33.25,33.0,33.25,327900,0
1996-07-03,34.0,34.0,32.5,32.75,282600,0
1996-07-05,33.25,33.5,33.25,33.25,24700,0
1996-07-08,32.88,33.12,32.5,32.62,66200,0
1996-07-09,32.75,33.12,32.75,32.88,101700,0
1996-07-10,32.88,33.12,32.5,32.62,41300,0
1996-07-11,32.75,33.12,32.75,32.88,94500,0
1996-07-12,32.62,32.88,32.62,32.75,67300,0
1996-07-15,31.25,31.38,30.25,30.62,70400,0
1996-07-16,30.5,30.62,29.5,30.0,130100,0
1996-07-17,31.25,31.38,30.25,30.62,101500,0
1996-07-18,30.62,30.62,29.5,30.0,183400,0
1996-07-19,30.75,31.25,30.38,31.25,65300,0
1996-07-22,31.62,31.62,30.75,31.0,37600,0
1996-07-23,31.0,31.12,30.88,30.88,60500,0
1996-07-24,31.62,31.62,30.75,31.0,66100,0
1996-07-25,31.0,31.12,30.88,30.88,405800,0
1996-07-26,30.88,30.88,30.5,30.75,84200,0
1996-07-29,30.0,30.38,30.0,30.0,93200,0
1996-07-30,30.0,30.25,30.0,30.25,33500,0
1996-07-31,30.0,30.38,30.0,30.0,24000,0
1996-08-01,30.0,30.25,30.0,30.25,50500,0
1996-08-02,31.25,32.0,31.12,31.38,100900,0
1996-08-05,31.38,31.38,31.0,31.0,133100,0
1996-08-06,31.12,31.12,30.88,31.12,42400,0
1996-08-07,31.38,31.38,31.0,31.0,84500,0
1996-08-08,31.12,31.12,30.88,31.12,23500,0
1996-08-09,31.0,31.12,30.88,30.88,142300,0
1996-08-12,30.88,31.0,30.12,30.5,99200,0
1996-08-13,30.25,30.25,29.88,30.0,75400,0
1996-08-14,30.88,31.0,30.12,30.5,62100,0
1996-08-15,30.25,30.25,29.88,30.0,198400,0
1996-08-16,30.0,30.0,29.5,29.5,39300,0
1996-08-19,29.62,29.62,29.38,29.38,53100,0
1996-08-20,29.5,30.25,29.5,30.12,332700,0
1996-08-21,29.62,29.62,29.38,29.38,85900,0
1996-08-22,29.5,30.25,29.5,30.12,203000,0
1996-08-23,30.12,30.25,29.88,30.0,240000,0
1996-08-26,30.62,30.62,30.12,30.38,66000,0
1996-08-27,30.62,31.12,30.62,31.12,99600,0
1996-08-28,30.62,30.62,30.12,30.38,28500,0
1996-08-29,30.62,31.12,30.62,31.12,78400,0
1996-08-30,31.25,31.25,30.75,30.88,89900,0
1996-09-03,31.0,31.38,31.0,31.38,97400,0
1996-09-04,31.0,31.38,31.0,31.38,98000,0
1996-09-05,31.12,31.62,31.0,31.5,75400,0
1996-09-06,31.5,31.5,31.25,31.5,54100,0
1996-09-09,31.88,32.5,31.88,32.5,47400,0
1996-09-10,31.88,32.5,31.88,32.5,51000,0
1996-09-11,32.5,33.0,32.25,32.25,50600,0
1996-09-12,32.38,32.62,32.38,32.62,69700,0
1996-09-13,32.5,33.75,32.5,33.25,77500,0
1996-09-16,33.38,33.62,33.38,33.5,47200,0
1996-09-17,33.38,33.62,33.38,33.5,35800,0
1996-09-18,33.62,33.88,33.62,33.75,87100,0
1996-09-19,33.75,33.88,33.62,33.75,38300,0
1996-09-20,34.0,34.12,33.88,33.88,41100,0
1996-09-23,34.0,34.0,33.88,34.0,38100,0
1996-09-24,34.0,34.0,33.88,34.0,33900,0
1996-09-25,33.88,34.0,33.75,33.88,20100,0
1996-09-26,34.12,34.25,34.0,34.25,23200,0
1996-09-27,33.88,34.38,33.75,33.75,57500,0
1996-09-30,33.75,34.38,33.75,34.38,31200,0
1996-10-01,33.75,34.38,33.75,34.38,25400,0
1996-10-02,34.62,35.12,34.5,34.75,40700,0
1996-10-03,34.5,35.0,34.25,34.5,94400,0
1996-10-04,34.62,35.12,34.5,34.75,139700,0
1996-10-07,34.0,34.0,33.62,34.0,146100,0
1996-10-08,34.0,34.25,33.88,33.88,138700,0
1996-10-09,34.0,34.0,33.62,34.0,69600,0
1996-10-10,34.0,34.25,33.88,33.88,251700,0
1996-10-11,34.0,34.25,33.75,33.75,147400,0
1996-10-14,33.75,34.0,33.62,34.0,104300,0
1996-10-15,34.0,34.62,34.0,34.5,23500,0
1996-10-16,33.75,34.0,33.62,34.0,77000,0
1996-10-17,34.12,34.62,34.0,34.5,68700,0
1996-10-18,34.62,34.88,34.38,34.62,117200,0
1996-10-21,37.12,37.12,35.38,35.75,80900,0
1996-10-22,36.0,36.5,35.75,36.38,83000,0
1996-10-23,37.0,37.12,35.38,35.75,85900,0
1996-10-24,36.0,36.5,35.75,36.38,128900,0
1996-10-25,35.88,36.12,35.38,35.62,77200,0
1996-10-28,34.38,34.38,33.62,33.62,113400,0
1996-10-29,33.62,33.62,33.25,33.38,200700,0
1996-10-30,34.25,34.38,33.62,33.62,232700,0
1996-10-31,33.62,33.62,33.25,33.38,76800,0
1996-11-01,33.38,34.12,33.38,34.0,35600,0
1996-11-04,33.5,33.62,33.12,33.12,250000,0
1996-11-05,33.5,33.62,33.12,33.12,158500,0
1996-11-06,33.25,33.5,33.0,33.12,159300,0
1996-11-07,33.12,33.5,32.75,33.38,76200,0
1996-11-08,33.38,33.75,33.12,33.75,51500,0
1996-11-11,33.25,33.25,32.75,32.88,88700,0
1996-11-12,33.12,33.25,32.75,32.88,47900,0
1996-11-13,33.0,33.38,33.0,33.12,87500,0
1996-11-14,33.25,33.5,33.0,33.25,115700,0
1996-11-15,33.12,33.5,33.0,33.38,73100,0
1996-11-18,33.38,34.0,33.25,33.5,184300,0
1996-11-19,33.38,34.0,33.25,33.5,150300,0
1996-11-20,33.38,34.5,33.38,34.25,252300,0
1996-11-21,34.12,35.75,34.12,35.12,167900,0
1996-11-22,35.25,35.5,35.0,35.12,146200,0
1996-11-25,35.5,35.88,35.5,35.62,81800,0
1996-11-26,35.5,35.88,35.5,35.62,93800,0
1996-11-27,35.75,36.0,35.62,35.62,32600,0
1996-11-29,36.0,36.25,35.88,36.25,13300,0
1996-12-02,35.88,35.88,35.62,35.75,26300,0
1996-12-03,35.75,35.81,35.62,35.75,57000,0
1996-12-04,35.75,35.75,35.62,35.62,88400,0
1996-12-05,35.75,36.12,35.5,35.88,93000,0
1996-12-06,35.38,35.88,35.12,35.75,55200,0
1996-12-09,35.75,36.38,35.75,36.38,13900,0
1996-12-10,36.38,36.62,36.25,36.5,51100,0
1996-12-11,35.88,36.12,35.5,35.62,59900,0
1996-12-12,35.75,35.88,35.25,35.5,46100,0
1996-12-13,35.25,35.75,35.25,35.75,42300,0
1996-12-16,35.5,35.5,35.38,35.5,67100,0
1996-12-17,35.5,35.75,35.12,35.75,33000,0
1996-12-18,35.75,36.12,35.75,36.0,53000,0
1996-12-19,36.25,36.62,36.0,36.25,35300,0
1996-12-20,36.5,36.75,36.38,36.75,28200,0
1996-12-23,36.75,36.88,36.62,36.62,41300,0
1996-12-24,36.62,36.88,36.62,36.88,6600,0
1996-12-26,37.0,37.38,37.0,37.38,20200,0
1996-12-27,37.38,38.88,37.38,38.62,76100,0
1996-12-30,38.75,38.75,38.0,38.5,73900,0
1996-12-31,38.75,39.0,38.62,38.88,89200,0
1997-01-02,38.75,38.88,36.0,37.75,121800,0
1997-01-03,38.0,38.75,37.88,38.5,113700,0
1997-01-06,39.38,40.0,39.0,39.63,129500,0
1997-01-07,39.63,39.63,39.25,39.5,100800,0
1997-01-08,39.38,39.5,38.63,38.75,152000,0
1997-01-09,38.88,39.25,38.25,39.0,84300,0
1997-01-10,38.75,39.5,38.38,39.38,31700,0
1997-01-13,39.38,40.75,39.38,40.75,52600,0
1997-01-14,40.75,42.0,40.5,41.88,167100,0
1997-01-15,41.5,41.75,40.88,41.25,170800,0
1997-01-16,41.13,41.5,41.13,41.25,63100,0
1997-01-17,40.88,41.38,40.75,41.38,26900,0
1997-01-20,41.25,41.88,41.13,41.88,30200,0
1997-01-21,41.38,42.0,41.38,41.63,28700,0
1997-01-22,41.5,42.0,41.38,41.63,50100,0
1997-01-23,41.63,41.75,41.38,41.5,145900,0
1997-01-24,41.13,41.25,39.75,40.25,112100,0
1997-01-27,40.25,40.25,40.0,40.25,73300,0
1997-01-28,40.0,40.25,39.0,39.0,186500,0
1997-01-29,39.0,39.5,38.75,39.38,124900,0
1997-01-30,39.25,39.88,39.13,39.63,28400,0
1997-01-31,39.63,39.88,39.38,39.63,102500,0
1997-02-03,40.88,41.0,40.25,40.5,107500,0
1997-02-04,40.5,40.63,39.75,40.5,157200,0
1997-02-05,40.63,41.25,40.5,40.75,101200,0
1997-02-06,40.5,41.25,40.5,41.25,124900,0
1997-02-07,41.25,41.38,41.0,41.13,221600,0
1997-02-10,41.63,41.75,41.13,41.5,57500,0
1997-02-11,41.75,41.75,41.5,41.75,110700,0
1997-02-12,41.63,41.75,41.25,41.38,86300,0
1997-02-13,41.63,43.13,41.25,43.0,71500,0
1997-02-14,42.63,42.88,41.75,42.0,110000,0
1997-02-18,42.0,42.63,41.88,42.13,63300,0
1997-02-19,41.38,41.75,40.88,40.88,70600,0
1997-02-20,40.63,41.0,40.38,40.75,92400,0
1997-02-21,40.5,40.88,40.5,40.75,286300,0
1997-02-24,40.88,41.25,40.63,41.13,69900,0
1997-02-25,41.25,41.25,40.75,41.13,68100,0
1997-02-26,41.5,42.25,41.13,41.63,117400,0
1997-02-27,41.63,42.0,41.5,41.5,56300,0
1997-02-28,41.5,41.5,41.0,41.25,41400,0
1997-03-03,41.13,41.13,40.63,40.63,61000,0
1997-03-04,40.75,40.88,40.25,40.25,94700,0
1997-03-05,40.63,41.0,40.38,40.75,122200,0
1997-03-06,41.13,41.25,40.88,41.13,54600,0
1997-03-07,41.38,42.25,41.13,41.88,65300,0
1997-03-10,42.0,42.5,42.0,42.0,16700,0
1997-03-11,42.13,42.13,41.5,41.75,74800,0
1997-03-12,41.5,41.5,40.88,41.38,46400,0
1997-03-13,41.38,41.38,40.38,40.38,30600,0
1997-03-14,40.5,41.0,40.25,40.38,54900,0
1997-03-17,40.13,40.13,39.38,40.13,51900,0
1997-03-18,40.25,40.63,40.13,40.38,37400,0
1997-03-19,40.88,40.88,40.25,40.5,99400,0
1997-03-20,40.5,41.0,40.5,40.88,27000,0
1997-03-21,41.0,41.13,40.75,41.0,35400,0
1997-03-24,35.0,36.75,34.88,36.25,466800,0
1997-03-25,36.25,36.75,36.25,36.25,241300,0
1997-03-26,36.25,36.88,36.25,36.88,207600,0
1997-03-27,36.88,37.5,36.75,37.25,173300,0
1997-03-31,37.0,37.13,36.25,36.5,185600,0
1997-04-01,36.25,36.63,36.0,36.5,116400,0
1997-04-02,36.5,36.75,36.5,36.5,158300,0
1997-04-03,36.0,36.25,33.75,34.0,356800,0
1997-04-04,34.0,34.63,34.0,34.5,114700,0
1997-04-07,34.75,35.0,34.5,34.63,125200,0
1997-04-08,34.63,34.88,34.5,34.63,108700,0
1997-04-09,34.63,34.88,34.38,34.38,118000,0
1997-04-10,34.38,34.5,33.88,34.0,85100,0
1997-04-11,33.88,34.13,33.63,33.63,66200,0
1997-04-14,33.63,34.0,33.63,34.0,58600,0
1997-04-15,33.88,34.13,33.88,34.0,24400,0
1997-04-16,33.88,33.88,33.63,33.75,65100,0
1997-04-17,33.88,34.0,33.75,33.75,61100,0
1997-04-18,33.63,33.88,33.63,33.88,52100,0
1997-04-21,33.88,34.0,33.5,33.75,49900,0
1997-04-22,33.75,34.0,33.63,34.0,21400,0
1997-04-23,34.0,34.38,33.88,34.13,20400,0
1997-04-24,34.13,35.75,33.25,33.38,244900,0
1997-04-25,33.5,33.88,33.5,33.63,34300,0
1997-04-28,33.63,33.63,33.13,33.38,66300,0
1997-04-29,36.0,36.5,35.25,35.25,344700,0
1997-04-30,35.25,36.25,35.0,36.25,128300,0
1997-05-01,36.0,37.25,35.5,37.13,236300,0
1997-05-02,37.0,38.25,37.0,38.13,49200,0
1997-05-05,38.25,39.25,38.0,38.38,62200,0
1997-05-06,38.5,38.75,37.88,38.0,58800,0
1997-05-07,37.75,37.75,37.63,37.75,25300,0
1997-05-08,37.63,38.0,37.38,37.75,13500,0
1997-05-09,37.88,38.13,37.88,37.88,19600,0
1997-05-12,37.88,39.13,37.63,39.0,30800,0
1997-05-13,38.75,39.13,38.25,38.5,32800,0
1997-05-14,38.5,39.13,38.38,38.88,17900,0
1997-05-15,38.75,39.0,38.5,38.63,16200,0
1997-05-16,38.38,38.75,37.75,38.25,25900,0
1997-05-19,38.13,38.88,38.0,38.88,12500,0
1997-05-20,38.5,38.63,37.75,37.75,39900,0
1997-05-21,37.88,38.0,37.63,37.88,28400,0
1997-05-22,38.0,38.63,37.5,38.38,45500,0
1997-05-23,38.63,39.0,38.38,39.0,24600,0
1997-05-27,38.38,39.0,38.38,38.5,60000,0
1997-05-28,38.63,39.0,38.63,39.0,110600,0
1997-05-29,39.0,39.63,39.0,39.38,18900,0
1997-05-30,39.25,39.88,38.75,39.75,56100,0
1997-06-02,39.88,40.75,39.88,40.75,48800,0
1997-06-03,40.5,41.13,40.38,40.88,36700,0
1997-06-04,40.75,40.75,40.25,40.38,9300,0
1997-06-05,40.5,40.63,40.25,40.5,10800,0
1997-06-06,40.75,41.13,40.5,41.0,21900,0
1997-06-09,41.25,41.25,40.88,41.0,27800,0
1997-06-10,40.75,41.75,40.75,41.25,51900,0
1997-06-11,41.38,41.75,41.38,41.75,84100,0
1997-06-12,42.13,44.13,42.13,44.13,52400,0
1997-06-13,44.0,44.13,43.0,43.5,94700,0
1997-06-16,43.38,43.38,43.0,43.38,30800,0
1997-06-17,43.25,43.5,42.13,42.63,107200,0
1997-06-18,42.5,42.5,42.25,42.5,58400,0
1997-06-19,42.5,42.5,42.25,42.38,28100,0
1997-06-20,41.75,42.63,41.75,42.63,128000,0
1997-06-23,42.5,42.88,41.75,42.0,24000,0
1997-06-24,42.0,42.13,41.75,42.0,65400,0
1997-06-25,42.0,42.0,41.13,41.38,69100,0
1997-06-26,41.25,42.13,41.0,42.13,79200,0
1997-06-27,42.25,44.0,42.25,43.13,85500,0
1997-06-30,43.0,43.25,41.88,43.0,66600,0
1997-07-01,42.75,43.5,42.75,43.5,56600,0
1997-07-02,43.5,43.63,43.13,43.13,141000,0
1997-07-03,43.38,43.5,43.13,43.38,54800,0
1997-07-07,43.5,43.5,43.25,43.5,38100,0
1997-07-08,43.0,43.5,43.0,43.0,34300,0
1997-07-09,42.88,42.88,42.63,42.88,27200,0
1997-07-10,42.75,43.0,42.63,42.75,49600,0
1997-07-11,42.0,43.0,41.94,43.0,88400,0
1997-07-14,43.0,43.13,43.0,43.0,37200,0
1997-07-15,43.25,43.25,43.0,43.19,33700,0
1997-07-16,43.38,43.38,43.25,43.38,99400,0
1997-07-17,43.13,43.25,42.88,43.0,78000,0
1997-07-18,43.25,43.25,42.88,42.88,63200,0
1997-07-21,42.88,42.88,41.25,42.38,158100,0
1997-07-22,42.38,42.5,42.38,42.5,37800,0
1997-07-23,43.0,43.0,42.63,42.88,70200,0
1997-07-24,44.25,44.81,44.13,44.63,353600,0
1997-07-25,43.0,46.75,43.0,46.63,175300,0
1997-07-28,46.75,46.88,46.75,46.75,115800,0
1997-07-29,46.75,46.88,46.38,46.5,233400,0
1997-07-30,46.75,49.13,46.5,49.13,332900,0
1997-07-31,49.06,49.13,48.0,48.19,77100,0
1997-08-01,48.0,48.13,47.5,47.94,91600,0
1997-08-04,48.0,49.0,48.0,48.88,148100,0
1997-08-05,48.63,48.63,48.0,48.38,41100,0
1997-08-06,48.38,48.5,48.0,48.13,59600,0
1997-08-07,48.13,49.0,47.88,49.0,93600,0
1997-08-08,48.0,48.63,46.13,48.0,191600,0
1997-08-11,48.13,48.38,47.75,48.38,51800,0
1997-08-12,48.38,48.75,47.25,47.38,52700,0
1997-08-13,47.75,48.0,47.13,48.0,40500,0
1997-08-14,48.0,48.25,47.5,47.63,15500,0
1997-08-15,47.13,47.38,46.63,46.63,116600,0
1997-08-18,47.0,47.25,46.75,47.13,72800,0
1997-08-19,47.13,47.5,47.0,47.13,100600,0
1997-08-20,47.0,47.25,47.0,47.13,117900,0
1997-08-21,47.0,47.0,46.75,46.88,24000,0
1997-08-22,46.75,47.0,46.38,47.0,29900,0
1997-08-25,46.75,47.38,46.75,47.25,19200,0
1997-08-26,47.38,47.5,46.0,46.38,48000,0
1997-08-27,46.38,46.5,45.75,46.38,25600,0
1997-08-28,46.25,47.25,46.13,47.25,73400,0
1997-08-29,47.0,47.38,46.75,46.88,33600,0
1997-09-02,47.13,47.88,46.88,47.5,49200,0
1997-09-03,47.75,48.25,47.25,47.38,49600,0
1997-09-04,47.0,47.13,46.63,46.63,54200,0
1997-09-05,47.0,47.13,46.63,46.63,31000,0
1997-09-08,46.5,46.75,46.5,46.63,24600,0
1997-09-09,46.75,46.75,46.38,46.38,26400,0
1997-09-10,45.88,46.13,45.5,45.5,69900,0
1997-09-11,45.38,45.88,45.38,45.5,40200,0
1997-09-12,45.63,45.75,45.13,45.75,30100,0
1997-09-15,45.88,46.0,45.13,45.13,42200,0
1997-09-16,45.13,45.5,44.88,45.5,77800,0
1997-09-17,45.25,45.38,45.0,45.38,48200,0
1997-09-18,45.38,46.0,45.25,45.5,52900,0
1997-09-19,45.38,46.63,45.38,46.25,75600,0
1997-09-22,46.5,47.0,46.13,46.25,71500,0
1997-09-23,46.25,46.88,46.25,46.88,67700,0
1997-09-24,46.38,46.88,46.25,46.25,47300,0
1997-09-25,46.25,46.38,46.0,46.25,85500,0
1997-09-26,46.38,46.75,46.38,46.5,125600,0
1997-09-29,46.63,47.5,46.63,47.5,121500,0
1997-09-30,48.75,48.75,48.0,48.5,94400,0
1997-10-01,48.75,49.25,48.5,49.13,76100,0
1997-10-02,49.88,50.75,49.25,50.25,176500,0
1997-10-03,50.63,51.25,50.5,51.0,101300,0
1997-10-06,50.88,53.0,50.75,52.5,168900,0
1997-10-07,53.63,55.0,52.75,53.75,206400,0
1997-10-08,53.88,54.13,52.0,52.13,68600,0
1997-10-09,51.88,52.13,51.25,51.88,57300,0
1997-10-10,51.88,52.5,51.88,52.5,37500,0
1997-10-13,52.5,52.75,51.13,51.63,181900,0
1997-10-14,51.5,51.88,51.25,51.5,395800,0
1997-10-15,51.5,51.63,51.0,51.0,143000,0
1997-10-16,51.38,51.88,50.5,50.5,44700,0
1997-10-17,50.25,50.38,48.75,48.88,142400,0
1997-10-20,48.88,51.38,48.88,50.38,138300,0
1997-10-21,50.5,51.75,50.5,51.38,217500,0
1997-10-22,51.63,54.13,51.5,53.75,92900,0
1997-10-23,53.75,54.88,53.0,53.13,181500,0
1997-10-24,53.25,53.38,51.63,51.88,192800,0
1997-10-27,51.38,51.63,48.88,49.0,124200,0
1997-10-28,48.0,48.75,47.0,47.13,279500,0
1997-10-29,47.63,50.38,47.38,49.75,194700,0
1997-10-30,49.5,49.63,48.88,49.0,136900,0
1997-10-31,49.0,49.13,48.38,48.5,57400,0
1997-11-03,49.13,50.63,48.63,50.63,198800,0
1997-11-04,50.5,51.38,50.38,51.0,71200,0
1997-11-05,51.0,54.5,51.0,53.88,108600,0
1997-11-06,53.88,54.0,53.56,53.63,68100,0
1997-11-07,53.38,53.69,53.0,53.06,130300,0
1997-11-10,53.06,53.94,52.69,53.88,104400,0
1997-11-11,53.81,53.81,51.75,52.38,145600,0
1997-11-12,52.25,52.25,50.38,50.56,78700,0
1997-11-13,50.63,51.0,49.63,50.19,80700,0
1997-11-14,50.31,50.69,50.0,50.5,238700,0
1997-11-17,50.75,52.13,50.69,51.75,45500,0
1997-11-18,51.5,51.69,51.19,51.19,18600,0
1997-11-19,51.19,51.44,51.0,51.44,53900,0
1997-11-20,51.31,53.38,51.19,52.94,91000,0
1997-11-21,53.0,54.0,53.0,53.13,53700,0
1997-11-24,52.88,52.94,52.63,52.81,29600,0
1997-11-25,52.81,52.81,52.25,52.31,17100,0
1997-11-26,52.25,52.56,52.06,52.31,28200,0
1997-11-28,52.19,53.19,52.19,52.69,14600,0
1997-12-01,52.94,54.19,52.94,53.63,44300,0
1997-12-02,53.63,53.63,52.31,52.5,95000,0
1997-12-03,52.5,55.0,52.44,54.75,111100,0
1997-12-04,54.81,55.0,54.44,55.0,32300,0
1997-12-05,54.56,55.69,54.56,55.44,44700,0
1997-12-08,55.5,55.5,55.06,55.25,24400,0
1997-12-09,55.25,55.44,54.56,54.56,61600,0
1997-12-10,54.56,54.56,52.25,53.0,87700,0
1997-12-11,53.0,54.0,51.75,53.94,128400,0
1997-12-12,53.94,54.5,53.63,54.38,42900,0
1997-12-15,54.31,54.31,53.63,53.94,19900,0
1997-12-16,53.94,54.69,53.88,54.19,21900,0
1997-12-17,54.19,54.56,54.13,54.38,84500,0
1997-12-18,54.5,54.56,52.25,52.75,55700,0
1997-12-19,52.5,52.63,51.88,51.94,55000,0
1997-12-22,51.88,52.25,51.69,51.75,67000,0
1997-12-23,51.88,52.56,51.75,52.25,76200,0
1997-12-24,52.13,52.63,51.94,51.94,62800,0
1997-12-26,52.0,52.13,51.69,51.81,5700,0
1997-12-29,51.94,52.0,51.81,51.94,139000,0
1997-12-30,52.0,52.31,52.0,52.25,99200,0
1997-12-31,52.25,52.25,51.81,52.06,251400,0
1998-01-02,52.0,52.0,50.75,51.13,87400,0
1998-01-05,51.13,51.13,50.56,51.0,160600,0
1998-01-06,50.88,51.38,50.81,50.88,273100,0
1998-01-07,50.94,51.25,50.38,50.94,123600,0
1998-01-08,50.94,50.94,49.63,50.31,55100,0
1998-01-09,50.19,50.31,47.63,47.63,88500,0
1998-01-12,47.0,47.31,46.69,47.25,108300,0
1998-01-13,47.31,47.38,46.88,47.0,43300,0
1998-01-14,47.25,47.5,46.81,47.5,73500,0
1998-01-15,47.63,48.69,47.63,48.25,172400,0
1998-01-16,48.25,49.06,48.25,48.81,87200,0
1998-01-20,49.44,49.63,47.25,47.31,184000,0
1998-01-21,46.75,47.0,45.56,45.63,175000,0
1998-01-22,45.56,45.63,43.81,43.94,338500,0
1998-01-23,46.75,48.75,46.63,48.5,562000,0
1998-01-26,47.5,48.0,47.38,47.38,180500,0
1998-01-27,47.38,48.75,47.38,48.5,59000,0
1998-01-28,48.5,48.5,47.5,47.75,110100,0
1998-01-29,47.63,49.56,47.63,49.31,99700,0
1998-01-30,49.19,49.56,49.06,49.19,84300,0
1998-02-02,49.19,51.75,49.19,51.19,111400,0
1998-02-03,51.0,51.56,50.94,51.19,93000,0
1998-02-04,51.19,52.75,51.19,52.75,137300,0
1998-02-05,52.5,53.0,52.31,52.38,77300,0
1998-02-06,52.31,52.56,51.81,51.94,83300,0
1998-02-09,51.69,51.88,51.38,51.56,75700,0
1998-02-10,51.63,52.31,51.44,51.94,89900,0
1998-02-11,52.0,53.25,52.0,52.94,147000,0
1998-02-12,52.69,53.38,52.69,53.0,103200,0
1998-02-13,53.13,53.13,52.25,52.25,103800,0
1998-02-17,52.38,52.69,52.31,52.44,98100,0
1998-02-18,52.31,52.69,52.13,52.19,68900,0
1998-02-19,52.25,52.31,51.75,51.75,59900,0
1998-02-20,51.63,51.63,50.75,50.75,95800,0
1998-02-23,50.81,52.25,50.75,51.69,111400,0
1998-02-24,51.44,51.5,51.0,51.06,36100,0
1998-02-25,50.94,52.0,50.94,51.81,54500,0
1998-02-26,51.69,52.75,51.69,52.56,82000,0
1998-02-27,52.75,52.75,52.5,52.63,64300,0
1998-03-02,52.75,52.88,51.88,51.88,80300,0
1998-03-03,52.13,52.25,51.5,51.81,97600,0
1998-03-04,51.94,51.94,51.38,51.44,55100,0
1998-03-05,51.31,51.31,49.94,50.0,94500,0
1998-03-06,50.13,50.69,49.94,50.13,160800,0
1998-03-09,50.31,51.75,50.31,51.19,59400,0
1998-03-10,51.19,51.63,50.75,50.81,90700,0
1998-03-11,50.94,51.38,50.88,51.25,107400,0
1998-03-12,51.38,52.06,51.19,51.94,91600,0
1998-03-13,51.69,52.31,51.69,52.06,183600,0
1998-03-16,51.94,52.44,51.94,52.31,41900,0
1998-03-17,51.75,51.81,50.63,51.13,5061200,0
1998-03-18,51.13,51.75,51.13,51.56,203700,0
1998-03-19,51.75,51.75,51.0,51.0,188700,0
1998-03-20,50.94,51.69,50.38,51.44,226900,0
1998-03-23,51.69,51.69,51.13,51.38,203000,0
1998-03-24,51.25,51.31,50.63,51.0,122600,0
1998-03-25,51.13,51.75,51.13,51.44,200200,0
1998-03-26,51.44,51.56,51.0,51.44,178700,0
1998-03-27,51.56,52.25,51.5,52.06,91800,0
1998-03-30,51.31,51.88,50.94,51.31,144600,0
1998-03-31,51.31,52.94,51.19,52.63,170200,0
1998-04-01,52.56,53.0,52.25,52.69,371400,0
1998-04-02,52.63,52.94,52.19,52.75,109900,0
1998-04-03,52.69,53.75,52.5,53.19,145500,0
1998-04-06,53.5,53.88,51.88,52.38,208500,0
1998-04-07,52.38,53.25,52.38,52.88,172700,0
1998-04-08,52.75,52.75,51.81,51.94,51800,0
1998-04-09,51.94,52.38,51.81,52.25,64700,0
1998-04-13,53.25,53.25,52.69,52.88,107300,0
1998-04-14,52.88,53.13,52.63,52.88,83200,0
1998-04-15,53.0,53.25,52.31,52.63,56400,0
1998-04-16,52.5,52.5,51.88,52.0,138400,0
1998-04-17,51.75,52.56,51.63,52.31,153800,0
1998-04-20,52.56,52.63,52.0,52.38,36300,0
1998-04-21,52.5,52.63,51.81,52.56,82300,0
1998-04-22,52.56,52.63,50.13,50.5,188100,0
1998-04-23,51.13,52.38,50.75,51.75,254700,0
1998-04-24,51.75,51.75,51.0,51.69,110600,0
1998-04-27,51.38,51.44,50.13,50.75,177600,0
1998-04-28,50.63,51.44,50.5,51.44,119900,0
1998-04-29,51.19,52.25,51.19,51.94,86400,0
1998-04-30,52.13,54.0,52.13,53.31,89400,0
1998-05-01,53.31,53.94,53.25,53.5,76400,0
1998-05-04,53.75,54.63,53.75,54.38,71100,0
1998-05-05,54.31,54.75,54.06,54.19,68700,0
1998-05-06,54.0,54.0,51.38,51.44,117300,0
1998-05-07,51.5,51.5,49.0,49.13,270900,0
1998-05-08,49.25,50.5,49.25,49.56,369900,0
1998-05-11,49.75,50.0,48.88,49.38,89100,0
1998-05-12,49.44,49.44,46.75,49.38,430600,0
1998-05-13,49.5,50.5,49.38,49.88,138900,0
1998-05-14,49.63,50.94,49.63,50.56,65400,0
1998-05-15,50.5,50.5,49.88,49.94,41100,0
1998-05-18,49.81,49.88,49.56,49.69,37000,0
1998-05-19,49.63,49.63,47.81,48.06,254200,0
1998-05-20,48.31,49.94,48.25,49.88,183900,0
1998-05-21,49.94,50.0,48.31,48.63,128800,0
1998-05-22,48.38,49.5,48.06,48.31,73300,0
1998-05-26,48.81,49.69,48.75,49.19,267200,0
1998-05-27,49.19,49.19,47.25,47.5,122600,0
1998-05-28,47.44,48.5,47.44,48.44,74400,0
1998-05-29,48.56,48.56,48.0,48.13,54200,0
1998-06-01,48.13,48.44,47.75,47.81,50800,0
1998-06-02,47.81,48.44,47.69,47.75,63800,0
1998-06-03,47.88,47.88,46.63,47.19,103700,0
1998-06-04,47.19,47.44,46.81,46.88,156300,0
1998-06-05,47.0,47.13,46.63,46.75,85300,0
1998-06-08,46.75,47.5,46.63,47.13,260700,0
1998-06-09,47.13,47.5,46.5,47.38,115300,0
1998-06-10,47.25,47.25,46.5,46.75,55300,0
1998-06-11,46.88,47.0,45.81,45.88,88100,0
1998-06-12,45.81,46.0,45.06,45.5,198800,0
1998-06-15,45.0,45.63,44.44,44.88,139800,0
1998-06-16,44.44,44.44,42.44,43.25,248100,0
1998-06-17,43.25,44.44,43.25,43.31,110700,0
1998-06-18,43.5,44.0,43.25,43.5,256100,0
1998-06-19,43.25,43.5,42.69,42.75,207200,0
1998-06-22,42.75,43.31,42.75,43.0,141200,0
1998-06-23,43.06,43.75,43.06,43.5,103500,0
1998-06-24,43.25,43.63,42.94,43.63,83300,0
1998-06-25,43.5,43.63,42.13,42.19,274300,0
1998-06-26,41.94,42.81,41.75,42.13,198800,0
1998-06-29,42.19,43.0,42.19,42.88,87500,0
1998-06-30,43.38,43.38,41.75,41.75,250000,0
1998-07-01,41.88,43.44,41.88,43.25,86100,0
1998-07-02,43.44,43.56,43.0,43.38,39800,0
1998-07-06,43.13,43.81,43.13,43.75,61400,0
1998-07-07,43.5,43.56,42.13,42.31,116500,0
1998-07-08,41.31,41.56,39.88,40.94,239100,0
1998-07-09,41.0,41.13,40.0,40.13,172300,0
1998-07-10,40.06,40.31,39.75,39.81,353500,0
1998-07-13,39.94,40.0,39.44,40.0,295000,0
1998-07-14,40.0,40.38,38.94,38.94,114000,0
1998-07-15,39.0,40.69,39.0,40.13,129200,0
1998-07-16,40.19,40.19,39.63,39.63,95700,0
1998-07-17,39.69,39.69,39.13,39.31,53200,0
1998-07-20,39.31,39.38,38.44,38.75,93400,0
1998-07-21,38.69,38.69,37.38,37.69,283700,0
1998-07-22,37.69,37.69,37.19,37.56,115600,0
1998-07-23,37.63,37.69,33.75,34.0,648500,0
1998-07-24,34.0,34.5,33.69,33.69,377600,0
1998-07-27,33.75,33.75,32.38,32.63,118400,0
1998-07-28,32.94,33.13,32.19,32.5,165800,0
1998-07-29,32.75,32.88,31.94,32.06,71600,0
1998-07-30,32.06,32.25,31.13,32.19,160300,0
1998-07-31,32.0,32.88,32.0,32.31,244800,0
1998-08-03,32.19,33.13,32.19,32.63,245300,0
1998-08-04,32.88,33.69,31.5,31.5,609300,0
1998-08-05,31.5,32.62,31.5,32.25,172100,0
1998-08-06,32.31,33.56,32.31,33.13,224800,0
1998-08-07,32.63,33.56,32.63,32.94,235200,0
1998-08-10,32.94,33.0,31.5,31.81,233000,0
1998-08-11,31.63,31.63,30.69,31.06,285300,0
1998-08-12,31.63,32.13,30.69,32.13,183800,0
1998-08-13,32.0,32.25,31.5,32.0,187500,0
1998-08-14,32.0,32.25,31.81,32.0,166300,0
1998-08-17,31.81,31.81,31.38,31.38,128100,0
1998-08-18,31.25,32.44,31.25,31.75,110300,0
1998-08-19,32.0,32.0,30.63,31.13,114200,0
1998-08-20,31.06,31.19,30.13,30.38,99900,0
1998-08-21,30.06,30.63,29.94,30.38,93600,0
1998-08-24,30.38,30.63,29.63,29.88,91600,0
1998-08-25,29.5,30.25,29.5,29.81,133600,0
1998-08-26,28.5,29.63,28.38,29.63,174000,0
1998-08-27,29.38,29.38,27.81,28.44,184400,0
1998-08-28,28.5,29.0,26.5,27.25,225700,0
1998-08-31,27.63,27.63,25.5,25.94,143600,0
1998-09-01,25.75,26.69,25.75,26.63,179500,0
1998-09-02,26.75,27.31,26.25,26.25,80000,0
1998-09-03,26.0,26.5,25.88,26.38,34700,0
1998-09-04,26.63,27.0,25.63,25.94,114600,0
1998-09-08,26.31,27.25,26.31,27.19,91000,0
1998-09-09,27.31,28.0,26.63,27.13,72900,0
1998-09-10,26.94,27.06,25.81,26.38,103100,0
1998-09-11,26.0,26.38,25.38,26.06,76200,0
1998-09-14,26.13,26.56,25.75,26.5,147800,0
1998-09-15,26.25,26.5,25.88,26.44,55500,0
1998-09-16,26.38,27.81,26.38,27.38,80800,0
1998-09-17,27.0,27.0,26.5,27.0,63000,0
1998-09-18,26.75,26.88,26.19,26.75,76400,0
1998-09-21,26.5,26.5,25.94,26.38,62700,0
1998-09-22,26.44,26.69,26.38,26.44,105400,0
1998-09-23,26.38,27.06,26.38,26.81,164400,0
1998-09-24,26.56,26.81,26.5,26.63,137600,0
1998-09-25,26.44,27.0,26.06,26.81,111800,0
1998-09-28,26.88,27.31,26.63,27.31,237800,0
1998-09-29,27.25,27.75,27.06,27.25,141500,0
1998-09-30,27.19,27.25,26.44,26.94,58000,0
1998-10-01,25.63,25.63,20.56,21.94,529100,0
1998-10-02,21.94,22.0,19.75,21.38,329400,0
1998-10-05,21.0,21.25,18.75,19.44,349700,0
1998-10-06,19.44,19.44,17.0,18.5,340300,0
1998-10-07,18.69,18.69,17.75,17.94,329100,0
1998-10-08,17.44,18.25,17.06,17.75,233300,0
1998-10-09,17.75,17.88,17.44,17.44,315400,0
1998-10-12,17.69,17.75,17.0,17.0,136300,0
1998-10-13,17.0,17.06,15.63,16.5,285800,0
1998-10-14,16.69,17.25,16.56,16.75,154000,0
1998-10-15,16.5,17.88,16.5,17.63,680400,0
1998-10-16,17.63,18.5,17.63,17.94,832600,0
1998-10-19,18.13,18.69,17.88,18.44,699100,0
1998-10-20,19.13,19.69,19.13,19.25,558200,0
1998-10-21,19.38,20.06,19.38,19.75,180400,0
1998-10-22,19.81,20.94,19.81,19.94,215000,0
1998-10-23,20.13,20.13,19.44,19.81,311000,0
1998-10-26,19.81,22.0,19.81,20.44,554100,0
1998-10-27,20.38,21.5,20.25,20.5,224000,0
1998-10-28,20.38,20.94,20.38,20.5,182700,0
1998-10-29,20.63,20.75,20.5,20.75,271500,0
1998-10-30,20.88,21.0,20.63,20.75,177700,0
1998-11-02,21.0,21.75,21.0,21.63,308700,0
1998-11-03,21.63,21.94,21.25,21.44,262600,0
1998-11-04,21.31,21.88,20.94,21.31,207900,0
1998-11-05,21.31,22.38,21.06,21.94,362300,0
1998-11-06,21.94,22.44,21.63,21.75,229600,0
1998-11-09,21.38,21.75,21.31,21.5,470200,0
1998-11-10,21.5,22.06,21.38,21.56,152900,0
1998-11-11,21.69,21.94,20.81,20.81,344500,0
1998-11-12,20.75,20.75,20.0,20.25,287600,0
1998-11-13,20.5,21.25,20.38,21.0,122700,0
1998-11-16,20.75,20.81,20.38,20.63,168500,0
1998-11-17,20.63,20.75,19.88,20.56,88000,0
1998-11-18,20.63,21.0,20.5,20.69,90400,0
1998-11-19,20.94,21.44,20.81,21.44,186700,0
1998-11-20,20.63,20.88,20.25,20.44,220300,0
1998-11-23,20.25,20.63,20.25,20.44,165500,0
1998-11-24,20.44,20.75,20.44,20.56,188000,0
1998-11-25,20.69,21.38,20.56,21.0,87700,0
1998-11-27,20.88,21.5,20.81,21.31,44600,0
1998-11-30,21.25,21.5,21.06,21.38,235500,0
1998-12-01,20.81,21.19,20.5,20.5,115900,0
1998-12-02,20.38,20.5,20.06,20.38,120300,0
1998-12-03,20.44,21.06,20.31,21.0,97400,0
1998-12-04,21.0,21.19,19.5,20.5,586700,0
1998-12-07,20.44,20.5,19.38,19.88,196600,0
1998-12-08,19.63,20.25,19.44,19.88,120300,0
1998-12-09,19.88,20.25,19.38,19.63,195200,0
1998-12-10,19.5,19.5,18.5,18.69,219100,0
1998-12-11,18.69,18.69,17.56,17.75,275500,0
1998-12-14,17.75,17.75,16.94,17.0,270800,0
1998-12-15,16.94,17.38,16.75,16.94,159600,0
1998-12-16,16.94,17.69,16.72,17.0,272900,0
1998-12-17,17.5,18.06,17.38,17.69,123000,0
1998-12-18,17.25,18.25,17.25,18.0,220200,0
1998-12-21,17.69,18.38,17.5,17.75,231200,0
1998-12-22,18.13,18.25,17.81,18.25,200700,0
1998-12-23,18.25,18.63,17.5,18.25,293200,0
1998-12-24,18.38,18.69,18.06,18.38,85500,0
1998-12-28,18.5,18.94,18.06,18.38,158400,0
1998-12-29,18.63,19.06,18.31,18.88,170300,0
1998-12-30,19.0,19.25,18.13,18.94,199200,0
1998-12-31,18.75,21.31,18.69,21.25,215400,0
1999-01-04,21.0,21.38,20.5,21.25,290600,0
1999-01-05,21.25,21.94,21.25,21.63,114500,0
1999-01-06,21.81,22.19,21.69,21.88,117800,0
1999-01-07,21.63,21.88,21.5,21.56,148300,0
1999-01-08,21.69,21.69,20.56,21.5,207000,0
1999-01-11,21.56,21.63,20.66,21.13,207100,0
1999-01-12,21.38,21.38,20.44,20.75,149000,0
1999-01-13,20.44,20.75,20.06,20.06,154600,0
1999-01-14,20.13,20.25,19.0,19.5,179000,0
1999-01-15,19.56,20.94,19.56,20.88,91600,0
1999-01-19,20.75,21.13,20.44,20.94,90600,0
1999-01-20,20.94,21.63,20.94,21.38,150200,0
1999-01-21,22.75,26.0,22.75,25.31,565400,0
1999-01-22,25.31,25.31,23.38,23.38,258400,0
1999-01-25,23.5,24.38,23.5,24.06,127100,0
1999-01-26,24.44,24.44,23.0,23.38,143400,0
1999-01-27,23.5,23.75,23.25,23.38,71700,0
1999-01-28,23.5,23.69,22.94,22.94,94100,0
1999-01-29,23.0,23.5,22.5,23.5,248600,0
1999-02-01,23.25,23.38,22.94,23.38,160800,0
1999-02-02,23.38,23.38,22.5,23.31,99200,0
1999-02-03,23.25,23.38,22.63,23.19,193700,0
1999-02-04,23.19,23.19,22.75,23.19,79400,0
1999-02-05,23.25,23.31,22.69,23.13,147800,0
1999-02-08,23.0,23.0,22.44,22.88,91800,0
1999-02-09,23.0,23.13,21.63,21.69,133300,0
1999-02-10,21.81,22.38,21.75,22.0,108500,0
1999-02-11,22.0,22.0,20.0,20.44,229600,0
1999-02-12,20.5,21.38,20.0,20.69,151000,0
1999-02-16,20.31,21.25,20.31,20.94,101300,0
1999-02-17,20.81,21.06,19.81,19.94,101600,0
1999-02-18,20.19,20.63,20.0,20.56,116200,0
1999-02-19,20.44,20.69,20.19,20.25,143400,0
1999-02-22,20.38,20.38,18.44,19.69,204300,0
1999-02-23,19.81,21.19,19.75,20.81,312600,0
1999-02-24,20.88,21.0,20.56,20.75,164400,0
1999-02-25,20.88,21.13,20.38,20.81,132200,0
1999-02-26,20.94,21.13,20.75,21.13,94200,0
1999-03-01,20.69,21.0,20.31,20.5,140100,0
1999-03-02,20.63,21.13,20.25,21.06,244100,0
1999-03-03,21.06,21.06,20.38,20.81,158300,0
1999-03-04,20.81,21.31,20.81,21.13,65900,0
1999-03-05,21.81,22.13,21.13,21.13,200400,0
1999-03-08,21.63,21.75,21.06,21.38,112700,0
1999-03-09,21.13,21.13,20.44,20.44,114800,0
1999-03-10,19.63,19.75,18.63,19.44,321400,0
1999-03-11,19.44,20.31,19.38,19.94,127200,0
1999-03-12,20.0,20.0,18.0,18.25,160100,0
1999-03-15,18.75,18.94,18.5,18.63,95400,0
1999-03-16,18.75,18.75,18.38,18.69,135900,0
1999-03-17,18.69,19.13,18.63,19.06,133800,0
1999-03-18,19.19,19.63,18.63,19.0,161500,0
1999-03-19,18.63,19.13,18.63,19.06,97700,0
1999-03-22,18.81,19.0,18.06,18.13,122900,0
1999-03-23,18.38,18.81,16.81,17.5,250700,0
1999-03-24,17.5,17.63,16.38,17.0,264000,0
1999-03-25,17.25,17.81,17.13,17.25,92100,0
1999-03-26,17.25,17.81,17.19,17.38,106100,0
1999-03-29,17.56,18.44,17.5,17.75,65100,0
1999-03-30,17.5,17.88,17.31,17.63,73400,0
1999-03-31,17.44,17.63,17.06,17.63,175900,0
1999-04-01,17.25,17.44,17.25,17.38,50400,0
1999-04-05,17.38,17.5,17.25,17.38,101200,0
1999-04-06,17.25,17.34,16.75,16.81,219100,0
1999-04-07,16.94,17.31,16.81,17.0,81200,0
1999-04-08,16.88,17.0,16.63,16.88,51200,0
1999-04-09,17.0,17.31,16.88,17.0,262200,0
1999-04-12,17.0,18.0,17.0,17.94,64400,0
1999-04-13,17.88,18.38,17.69,18.31,70500,0
1999-04-14,18.5,20.63,18.38,20.06,334500,0
1999-04-15,21.25,22.0,21.19,21.5,279800,0
1999-04-16,21.75,23.06,21.5,22.75,224400,0
1999-04-19,23.0,25.13,22.75,23.69,364300,0
1999-04-20,23.56,23.94,21.88,22.19,278900,0
1999-04-21,22.13,23.13,21.88,22.0,79700,0
1999-04-22,22.13,22.19,20.25,21.0,286300,0
1999-04-23,21.0,22.81,20.69,22.69,200300,0
1999-04-26,22.69,23.13,22.5,23.0,102600,0
1999-04-27,22.88,23.25,22.69,23.0,92300,0
1999-04-28,23.0,24.63,22.94,24.56,219200,0
1999-04-29,25.0,27.0,25.0,26.81,512000,0
1999-04-30,26.63,26.75,26.31,26.5,279200,0
1999-05-03,26.5,28.25,26.38,27.94,187900,0
1999-05-04,27.75,29.94,27.5,29.63,724200,0
1999-05-05,29.63,30.25,29.0,29.69,601200,0
1999-05-06,29.31,29.94,28.88,29.94,234000,0
1999-05-07,30.5,31.0,30.44,30.63,481500,0
1999-05-10,30.69,30.75,30.06,30.19,1224100,0
1999-05-11,29.75,29.75,28.0,28.69,413400,0
1999-05-12,28.94,29.94,28.25,29.81,315500,0
1999-05-13,29.75,30.5,29.75,30.5,201900,0
1999-05-14,30.0,30.31,29.88,30.19,218200,0
1999-05-17,30.19,30.56,29.5,29.94,271100,0
1999-05-18,30.0,30.0,29.13,29.25,141900,0
1999-05-19,29.25,29.88,28.63,28.69,110600,0
1999-05-20,28.75,29.5,28.56,29.0,71600,0
1999-05-21,29.0,29.0,28.69,29.0,217800,0
1999-05-24,29.13,31.13,29.13,30.06,273600,0
1999-05-25,30.06,30.06,29.5,30.0,66900,0
1999-05-26,29.94,30.0,28.25,29.13,174600,0
1999-05-27,29.13,29.38,28.44,28.5,62500,0
1999-05-28,28.5,28.63,28.25,28.44,51000,0
1999-06-01,28.5,29.0,28.25,28.81,57600,0
1999-06-02,28.88,28.88,27.75,27.88,223100,0
1999-06-03,28.13,28.88,27.94,28.5,55800,0
1999-06-04,28.5,30.5,28.5,30.38,124000,0
1999-06-07,30.38,31.31,30.25,30.25,224400,0
1999-06-08,30.31,30.75,28.19,28.56,216400,0
1999-06-09,28.5,29.13,28.38,28.5,158500,0
1999-06-10,28.31,28.5,27.5,28.5,205400,0
1999-06-11,28.5,28.75,27.88,28.0,34400,0
1999-06-14,28.19,29.06,28.0,28.38,59900,0
1999-06-15,28.5,28.81,28.25,28.25,24300,0
1999-06-16,28.25,28.31,27.81,27.81,231600,0
1999-06-17,27.81,28.13,27.5,27.81,285300,0
1999-06-18,27.56,27.81,27.38,27.38,255900,0
1999-06-21,27.81,27.81,26.81,27.19,140500,0
1999-06-22,27.25,27.88,27.13,27.25,152700,0
1999-06-23,27.06,28.63,27.0,28.5,143200,0
1999-06-24,28.75,28.75,26.25,26.31,309100,0
1999-06-25,26.44,26.63,26.38,26.5,117100,0
1999-06-28,26.5,26.75,26.38,26.44,230700,0
1999-06-29,24.88,27.75,24.63,27.75,231400,0
1999-06-30,27.88,31.0,27.31,31.0,333300,0
1999-07-01,30.0,30.0,28.19,28.38,302700,0
1999-07-02,28.44,28.44,28.0,28.19,72700,0
1999-07-06,28.0,28.0,25.38,25.38,327200,0
1999-07-07,25.88,26.13,24.63,25.69,166800,0
1999-07-08,25.94,25.94,24.75,25.38,240400,0
1999-07-09,25.25,26.13,25.25,25.88,114600,0
1999-07-12,25.38,25.75,24.94,25.06,154900,0
1999-07-13,25.19,25.25,24.25,24.44,62500,0
1999-07-14,24.31,24.44,23.94,24.44,81000,0
1999-07-15,24.69,24.81,24.25,24.31,76600,0
1999-07-16,24.31,25.19,24.25,25.06,50300,0
1999-07-19,25.0,25.13,24.88,24.88,163700,0
1999-07-20,24.94,24.94,24.31,24.44,67900,0
1999-07-21,24.31,24.31,23.88,23.94,42400,0
1999-07-22,24.0,24.75,23.75,23.81,106500,0
1999-07-23,24.38,26.44,24.31,25.81,493500,0
1999-07-26,25.56,26.19,25.5,25.56,127600,0
1999-07-27,25.5,25.63,25.06,25.13,59800,0
1999-07-28,25.0,25.0,23.69,24.38,163200,0
1999-07-29,24.63,24.63,23.06,23.63,99600,0
1999-07-30,23.75,24.13,23.75,24.13,154000,0
1999-08-02,24.13,24.25,23.69,23.94,100200,0
1999-08-03,23.94,24.31,23.56,24.0,100700,0
1999-08-04,24.13,24.19,23.75,23.88,108400,0
1999-08-05,23.88,23.94,23.56,23.75,68900,0
1999-08-06,23.56,23.88,23.56,23.88,68900,0
1999-08-09,23.88,24.13,23.88,24.0,92400,0
1999-08-10,24.0,24.0,23.0,23.38,114000,0
1999-08-11,23.63,23.81,23.5,23.75,70700,0
1999-08-12,23.75,25.75,23.5,25.38,334000,0
1999-08-13,25.25,27.0,25.13,25.94,240700,0
1999-08-16,25.81,25.81,24.56,25.0,116600,0
1999-08-17,24.94,25.75,24.88,25.63,126000,0
1999-08-18,25.5,26.13,25.5,26.13,89500,0
1999-08-19,26.06,26.06,25.25,25.44,85900,0
1999-08-20,25.38,25.88,25.19,25.31,41900,0
1999-08-23,25.5,26.75,25.5,26.5,72400,0
1999-08-24,26.38,26.5,26.25,26.5,75600,0
1999-08-25,26.5,27.13,26.5,26.94,74200,0
1999-08-26,27.0,27.5,27.0,27.06,162800,0
1999-08-27,27.19,27.19,26.0,26.56,53800,0
1999-08-30,26.75,26.94,26.75,26.81,87200,0
1999-08-31,26.81,26.94,26.44,26.5,54600,0
1999-09-01,26.5,26.88,26.19,26.88,83000,0
1999-09-02,26.88,26.88,26.47,26.56,38300,0
1999-09-03,26.63,26.69,26.5,26.63,52200,0
1999-09-07,26.63,26.63,25.25,25.94,166300,0
1999-09-08,25.94,25.94,25.13,25.94,110200,0
1999-09-09,25.88,25.88,25.56,25.75,35900,0
1999-09-10,25.75,26.0,25.63,25.75,43900,0
1999-09-13,25.63,26.19,25.56,26.19,82000,0
1999-09-14,26.19,26.63,25.88,25.88,79100,0
1999-09-15,25.88,25.94,25.63,25.69,62100,0
1999-09-16,26.0,26.0,25.38,25.69,56600,0
1999-09-17,25.75,25.75,24.5,25.0,200500,0
1999-09-20,25.0,26.69,24.69,26.38,140800,0
1999-09-21,26.38,26.38,25.56,26.13,100600,0
1999-09-22,26.13,26.38,25.88,26.25,91700,0
1999-09-23,26.13,26.19,25.81,26.06,41100,0
1999-09-24,26.0,26.06,25.81,25.94,51700,0
1999-09-27,25.75,25.81,24.75,24.75,87300,0
1999-09-28,25.0,25.0,23.75,24.31,103000,0
1999-09-29,24.38,24.94,24.38,24.63,59500,0
1999-09-30,24.69,25.94,24.69,25.88,94700,0
1999-10-01,25.75,25.75,23.5,24.25,72000,0
1999-10-04,24.38,26.44,24.31,25.69,109500,0
1999-10-05,25.63,25.69,24.56,25.0,141200,0
1999-10-06,25.0,25.56,25.0,25.25,208300,0
1999-10-07,25.25,26.06,25.25,26.06,179100,0
1999-10-08,27.5,28.06,27.31,28.0,260400,0
1999-10-11,27.88,28.31,27.63,27.94,92900,0
1999-10-12,27.88,28.0,27.56,27.75,98700,0
1999-10-13,27.69,28.38,26.94,26.94,278000,0
1999-10-14,26.5,27.0,26.44,27.0,73800,0
1999-10-15,26.88,28.06,26.81,27.75,130100,0
1999-10-18,27.63,27.88,27.25,27.25,189300,0
1999-10-19,27.25,28.69,27.25,28.44,123200,0
1999-10-20,29.44,29.44,27.0,27.25,141700,0
1999-10-21,27.5,28.31,26.88,28.19,92000,0
1999-10-22,28.06,28.94,27.88,28.25,80100,0
1999-10-25,28.25,28.5,27.0,27.81,103400,0
1999-10-26,27.75,28.88,27.44,27.44,172600,0
1999-10-27,27.38,27.69,26.81,26.94,68000,0
1999-10-28,26.94,28.0,26.94,27.63,134800,0
1999-10-29,27.63,29.19,27.56,28.75,83000,0
1999-11-01,28.94,29.0,28.0,29.0,45900,0
1999-11-02,29.0,29.56,28.63,28.88,82900,0
1999-11-03,28.81,29.0,28.63,28.88,50100,0
1999-11-04,28.88,29.13,28.63,29.06,68500,0
1999-11-05,28.94,29.5,28.63,28.63,79000,0
1999-11-08,28.38,28.56,27.81,28.19,43200,0
1999-11-09,28.31,28.38,27.63,27.88,103300,0
1999-11-10,27.63,27.69,27.5,27.69,63500,0
1999-11-11,27.44,28.5,27.19,27.88,68400,0
1999-11-12,28.0,28.06,27.38,27.81,93600,0
1999-11-15,27.94,29.25,27.88,29.06,72900,0
1999-11-16,29.19,29.5,28.81,29.19,74900,0
1999-11-17,29.44,29.75,28.5,28.56,249700,0
1999-11-18,28.56,29.44,28.0,29.44,158400,0
1999-11-19,29.44,30.5,29.06,29.25,223500,0
1999-11-22,28.75,30.88,28.63,30.25,223300,0
1999-11-23,30.38,30.81,30.13,30.69,182200,0
1999-11-24,30.63,30.94,30.5,30.88,153900,0
1999-11-26,30.88,31.19,30.88,31.19,75100,0
1999-11-29,31.31,32.81,30.88,32.56,255500,0
1999-11-30,33.5,33.5,32.5,33.25,279300,0
1999-12-01,33.13,33.88,32.69,33.0,205300,0
1999-12-02,32.88,33.44,32.75,32.81,152500,0
1999-12-03,31.13,33.06,31.13,32.94,174200,0
1999-12-06,33.5,33.5,32.13,32.13,86800,0
1999-12-07,32.31,32.81,32.0,32.06,66700,0
1999-12-08,32.13,33.75,32.0,32.94,85100,0
1999-12-09,32.94,32.94,31.56,31.81,90400,0
1999-12-10,31.94,31.94,31.06,31.25,98400,0
1999-12-13,31.38,31.69,31.31,31.63,145900,0
1999-12-14,31.56,31.94,31.25,31.88,166500,0
1999-12-15,31.75,32.5,31.34,32.0,132500,0
1999-12-16,31.94,31.94,31.06,31.44,75600,0
1999-12-17,31.06,31.06,31.06,31.06,160000,0
1999-12-20,31.19,31.5,30.75,31.19,73700,0
1999-12-21,31.13,31.13,30.56,30.75,101700,0
1999-12-22,30.75,30.75,29.25,30.5,172700,0
1999-12-23,30.5,31.5,29.88,31.44,126500,0
1999-12-27,31.44,31.44,30.38,30.5,73400,0
1999-12-28,30.75,31.88,30.63,31.0,132600,0
1999-12-29,31.25,31.25,30.75,31.0,180700,0
1999-12-30,31.19,33.25,31.0,33.0,124900,0
1999-12-31,32.88,33.63,32.5,33.63,67300,0
2000-01-03,33.75,33.81,31.88,31.94,116100,0
2000-01-04,31.81,32.88,31.75,31.94,109600,0
2000-01-05,32.0,33.0,31.88,32.63,113700,0
2000-01-06,32.75,33.25,31.69,31.88,109000,0
2000-01-07,32.0,33.19,32.0,32.81,209900,0
2000-01-10,32.81,33.13,32.81,33.0,153800,0
2000-01-11,33.38,33.38,32.44,32.63,97400,0
2000-01-12,32.38,32.38,31.5,31.63,86000,0
2000-01-13,31.63,32.31,31.56,31.75,233700,0
2000-01-14,32.0,32.25,31.75,31.81,111600,0
2000-01-18,31.69,31.75,30.75,30.81,113700,0
2000-01-19,30.88,32.25,30.63,32.25,238200,0
2000-01-20,31.81,32.5,30.88,31.25,352600,0
2000-01-21,31.25,31.25,30.0,30.06,220300,0
2000-01-24,30.31,31.25,29.0,29.19,159100,0
2000-01-25,29.44,29.88,28.63,29.25,118900,0
2000-01-26,29.38,29.56,28.44,28.56,103900,0
2000-01-27,28.69,28.75,27.0,27.75,302600,0
2000-01-28,27.5,27.56,24.75,26.5,394900,0
2000-01-31,26.5,26.88,25.94,26.31,132800,0
2000-02-01,26.38,26.5,25.44,26.13,132500,0
2000-02-02,26.38,26.81,26.0,26.19,79300,0
2000-02-03,26.31,26.5,25.88,26.31,163600,0
2000-02-04,26.44,26.5,25.5,25.69,108200,0
2000-02-07,25.88,25.94,25.19,25.31,112700,0
2000-02-08,25.38,25.81,24.25,24.31,121000,0
2000-02-09,24.44,24.94,24.38,24.44,95400,0
2000-02-10,24.5,24.69,23.19,24.06,166300,0
2000-02-11,24.13,24.88,24.13,24.44,354500,0
2000-02-14,24.44,25.0,23.81,24.31,133400,0
2000-02-15,24.19,24.5,24.19,24.38,89600,0
2000-02-16,24.0,24.69,23.25,24.0,124100,0
2000-02-17,24.25,24.56,24.0,24.25,159400,0
2000-02-18,24.19,24.31,23.44,23.5,100200,0
2000-02-22,23.38,24.38,23.38,24.31,97100,0
2000-02-23,24.19,24.75,23.63,23.81,111100,0
2000-02-24,24.0,24.31,23.0,23.06,106400,0
2000-02-25,23.19,23.63,23.0,23.0,94900,0
2000-02-28,23.06,23.25,22.63,22.75,118200,0
2000-02-29,23.0,23.63,22.94,23.25,135800,0
2000-03-01,23.06,23.75,23.06,23.31,150800,0
2000-03-02,23.44,23.56,23.0,23.06,222400,0
2000-03-03,23.25,24.25,23.25,23.94,123400,0
2000-03-06,23.69,23.81,23.5,23.56,89600,0
2000-03-07,23.56,24.19,23.5,23.88,242800,0
2000-03-08,23.88,24.06,23.63,24.0,155000,0
2000-03-09,23.88,24.44,23.81,24.31,203500,0
2000-03-10,24.38,24.69,24.06,24.44,105800,0
2000-03-13,24.5,24.63,24.06,24.06,148100,0
2000-03-14,24.25,24.31,23.75,23.75,224700,0
2000-03-15,23.75,25.63,23.75,25.25,89700,0
2000-03-16,24.25,26.94,24.25,26.75,138100,0
2000-03-17,26.25,26.88,26.25,26.69,93900,0
2000-03-20,26.69,28.0,26.69,27.75,132700,0
2000-03-21,27.75,27.75,27.31,27.44,69700,0
2000-03-22,27.44,28.13,27.44,27.69,65100,0
2000-03-23,27.5,27.91,27.06,27.56,103900,0
2000-03-24,27.38,28.25,27.38,27.88,74900,0
2000-03-27,27.94,28.13,27.25,27.25,92300,0
2000-03-28,27.13,27.13,26.38,26.75,82300,0
2000-03-29,27.0,27.63,26.88,27.63,105800,0
2000-03-30,27.5,28.31,27.5,28.19,132900,0
2000-03-31,29.0,30.06,28.81,30.06,277600,0
2000-04-03,30.06,30.38,29.06,29.69,112500,0
2000-04-04,29.69,30.25,28.69,29.63,113400,0
2000-04-05,29.63,30.5,29.56,29.75,135700,0
2000-04-06,29.81,30.5,29.25,29.63,95100,0
2000-04-07,29.69,30.31,29.44,30.06,110000,0
2000-04-10,30.0,30.0,28.94,29.25,107100,0
2000-04-11,29.25,29.25,28.63,29.19,233700,0
2000-04-12,29.0,30.0,29.0,29.63,155800,0
2000-04-13,29.63,29.63,28.75,28.94,138300,0
2000-04-14,28.94,28.94,26.94,27.06,273700,0
2000-04-17,27.19,28.44,27.06,28.31,127200,0
2000-04-18,29.0,29.88,28.56,29.5,189000,0
2000-04-19,29.75,29.75,28.56,28.81,129300,0
2000-04-20,28.69,28.69,28.13,28.56,166900,0
2000-04-24,28.44,28.44,27.63,27.94,88900,0
2000-04-25,28.06,29.0,28.06,28.94,125400,0
2000-04-26,29.13,29.13,26.88,28.56,261400,0
2000-04-27,28.44,28.69,28.0,28.69,93800,0
2000-04-28,28.63,28.75,28.13,28.75,77200,0
2000-05-01,28.81,29.0,28.5,29.0,78100,0
2000-05-02,29.13,29.25,28.63,28.75,113300,0
2000-05-03,28.75,28.94,27.0,28.0,265500,0
2000-05-04,28.38,28.44,27.44,27.94,260300,0
2000-05-05,27.94,28.38,27.75,28.31,118400,0
2000-05-08,28.0,28.25,27.31,27.69,93800,0
2000-05-09,27.63,28.0,27.13,27.56,76900,0
2000-05-10,27.56,27.69,27.31,27.44,75900,0
2000-05-11,27.31,27.63,27.0,27.44,169500,0
2000-05-12,27.44,27.81,27.31,27.5,41200,0
2000-05-15,27.75,27.75,27.19,27.38,52300,0
2000-05-16,27.5,28.31,27.38,28.19,57400,0
2000-05-17,28.06,28.19,27.31,27.88,58700,0
2000-05-18,27.75,27.75,27.0,27.0,145200,0
2000-05-19,27.19,27.38,27.0,27.0,132700,0
2000-05-22,27.0,27.06,26.63,26.94,59600,0
2000-05-23,26.88,27.38,26.69,26.94,174600,0
2000-05-24,26.94,27.31,26.69,26.88,132700,0
2000-05-25,27.0,27.44,26.63,26.69,139400,0
2000-05-26,26.69,26.94,26.69,26.69,118000,0
2000-05-30,26.75,27.0,26.69,26.75,60000,0
2000-05-31,26.69,27.06,26.69,26.69,99800,0
2000-06-01,26.63,26.63,26.13,26.63,111700,0
2000-06-02,26.88,27.63,26.31,26.81,96500,0
2000-06-05,26.94,27.06,26.5,26.56,44400,0
2000-06-06,26.81,26.94,26.38,26.44,40600,0
2000-06-07,26.31,26.5,25.5,25.75,118000,0
2000-06-08,25.75,26.88,25.75,26.75,92100,0
2000-06-09,26.56,26.63,26.0,26.06,33800,0
2000-06-12,26.06,26.19,25.94,26.06,212100,0
2000-06-13,27.06,29.13,24.69,25.5,1265800,0
2000-06-14,24.81,24.88,23.0,23.38,369100,0
2000-06-15,23.38,23.38,21.5,22.0,323800,0
2000-06-16,22.0,22.38,21.0,21.25,218300,0
2000-06-19,21.25,21.69,21.13,21.25,307400,0
2000-06-20,21.5,21.75,21.13,21.31,209700,0
2000-06-21,21.31,21.31,20.19,20.38,344500,0
2000-06-22,20.06,20.38,19.25,19.38,199100,0
2000-06-23,19.38,19.75,19.25,19.31,205200,0
2000-06-26,19.44,19.81,19.13,19.56,162100,0
2000-06-27,19.69,20.56,19.69,20.06,125600,0
2000-06-28,20.19,20.69,20.0,20.44,137900,0
2000-06-29,20.63,21.06,20.5,20.56,160100,0
2000-06-30,20.56,21.5,20.56,21.42,495700,0
2000-07-03,21.25,21.88,21.19,21.88,68800,0
2000-07-05,21.88,22.38,21.75,21.88,156600,0
2000-07-06,21.88,22.81,21.88,22.81,158900,0
2000-07-07,22.81,23.0,22.38,22.5,118200,0
2000-07-10,22.44,23.06,22.44,23.0,67200,0
2000-07-11,22.81,23.25,22.69,23.06,48800,0
2000-07-12,23.0,23.75,23.0,23.44,184800,0
2000-07-13,23.5,24.38,23.5,24.06,107500,0
2000-07-14,23.88,24.31,23.88,24.25,99600,0
2000-07-17,24.44,24.44,24.0,24.13,90900,0
2000-07-18,24.13,24.31,23.75,23.81,157700,0
2000-07-19,23.94,24.06,23.75,24.0,95100,0
2000-07-20,23.88,24.5,23.88,24.44,89600,0
2000-07-21,24.44,24.56,24.38,24.5,37700,0
2000-07-24,24.56,24.69,23.88,24.0,81100,0
2000-07-25,24.0,24.25,23.88,24.13,35700,0
2000-07-26,23.94,24.69,23.94,24.63,55500,0
2000-07-27,24.5,24.5,23.94,24.0,43300,0
2000-07-28,23.88,23.88,22.63,23.44,124200,0
2000-07-31,23.44,24.94,23.31,24.94,111500,0
2000-08-01,24.75,24.75,23.69,24.0,61600,0
2000-08-02,23.94,24.25,23.75,24.0,114100,0
2000-08-03,23.88,23.88,23.25,23.38,75100,0
2000-08-04,23.75,24.31,23.63,24.31,121600,0
2000-08-07,24.19,24.25,23.75,24.13,59600,0
2000-08-08,23.81,24.56,23.75,24.44,60600,0
2000-08-09,24.5,24.94,24.5,24.94,38400,0
2000-08-10,24.94,24.94,24.31,24.38,40000,0
2000-08-11,24.19,25.06,24.19,25.0,63100,0
2000-08-14,24.94,25.38,24.31,25.25,68500,0
2000-08-15,25.38,25.38,24.94,25.0,75000,0
2000-08-16,25.13,25.13,24.75,25.13,55700,0
2000-08-17,25.06,25.75,25.03,25.75,83800,0
2000-08-18,25.63,25.69,25.13,25.38,49500,0
2000-08-21,25.25,25.25,24.63,24.88,85400,0
2000-08-22,24.81,25.44,24.81,24.81,61900,0
2000-08-23,25.0,25.0,24.5,24.5,150900,0
2000-08-24,24.5,24.5,23.88,24.06,481200,0
2000-08-25,24.13,25.75,23.94,25.56,90400,0
2000-08-28,25.44,26.25,25.44,25.75,74900,0
2000-08-29,25.63,25.94,25.5,25.94,61500,0
2000-08-30,25.94,25.94,24.56,24.75,103700,0
2000-08-31,24.75,25.63,24.75,25.63,84300,0
2000-09-01,25.63,25.63,24.81,25.19,37000,0
2000-09-05,25.13,25.25,24.5,25.19,49300,0
2000-09-06,25.56,25.63,25.06,25.38,69700,0
2000-09-07,25.25,26.31,25.25,26.25,99700,0
2000-09-08,26.31,26.31,25.69,25.88,75700,0
2000-09-11,26.0,26.44,26.0,26.25,83300,0
2000-09-12,26.13,26.25,25.75,26.13,59000,0
2000-09-13,26.13,26.38,26.0,26.38,47800,0
2000-09-14,26.13,26.75,26.0,26.44,97000,0
2000-09-15,26.13,26.19,24.94,25.25,166500,0
2000-09-18,25.19,25.19,24.44,24.75,92000,0
2000-09-19,24.63,24.63,23.75,24.0,151800,0
2000-09-20,24.0,24.0,23.5,23.56,82200,0
2000-09-21,23.75,23.94,23.44,23.56,51900,0
2000-09-22,23.44,24.0,22.94,24.0,106500,0
2000-09-25,24.13,24.88,24.0,24.63,109200,0
2000-09-26,24.56,24.63,23.5,23.88,95400,0
2000-09-27,23.88,26.19,23.88,25.38,284300,0
2000-09-28,25.44,26.25,25.38,26.06,230500,0
2000-09-29,26.0,26.06,25.31,25.75,139900,0
2000-10-02,25.81,25.81,24.44,24.56,53900,0
2000-10-03,24.75,26.0,24.75,25.69,87300,0
2000-10-04,25.75,26.88,25.63,26.31,96700,0
2000-10-05,26.44,26.75,26.31,26.75,103000,0
2000-10-06,26.63,27.5,26.63,27.25,210500,0
2000-10-09,27.13,27.81,26.88,27.63,127100,0
2000-10-10,27.63,27.69,27.38,27.44,190800,0
2000-10-11,27.44,27.69,27.38,27.5,179200,0
2000-10-12,27.31,27.31,26.13,26.38,81300,0
2000-10-13,26.38,28.13,26.38,28.13,166300,0
2000-10-16,28.25,28.25,27.44,27.44,213600,0
2000-10-17,27.44,27.75,26.81,26.94,137200,0
2000-10-18,26.94,27.63,26.75,27.63,171300,0
2000-10-19,27.69,28.81,27.69,28.5,196000,0
2000-10-20,28.44,28.44,27.81,27.81,85600,0
2000-10-23,27.81,28.5,27.69,28.06,76200,0
2000-10-24,27.88,28.44,27.88,28.13,72500,0
2000-10-25,27.88,27.88,26.56,27.0,121900,0
2000-10-26,26.94,28.0,26.94,27.88,99400,0
2000-10-27,27.88,28.69,27.88,28.0,67400,0
2000-10-30,27.88,28.94,27.81,28.56,153400,0
2000-10-31,28.56,29.38,28.56,29.38,234400,0
2000-11-01,29.31,29.31,28.94,29.0,152500,0
2000-11-02,29.19,29.44,29.06,29.38,74300,0
2000-11-03,29.25,29.31,28.63,29.06,74800,0
2000-11-06,29.0,29.13,28.69,29.13,77200,0
2000-11-07,29.06,29.13,28.13,28.38,133300,0
2000-11-08,28.13,28.19,27.75,28.0,125800,0
2000-11-09,28.19,28.5,27.5,28.25,131200,0
2000-11-10,28.19,28.19,26.69,27.25,79100,0
2000-11-13,27.13,27.75,26.94,27.56,65200,0
2000-11-14,27.69,27.81,27.0,27.38,77700,0
2000-11-15,27.25,27.25,27.06,27.13,66700,0
2000-11-16,27.13,27.13,26.13,26.25,57700,0
2000-11-17,26.44,27.0,26.19,26.56,57000,0
2000-11-20,26.69,26.69,26.0,26.31,32800,0
2000-11-21,26.25,26.69,26.13,26.63,44100,0
2000-11-22,26.5,26.5,25.63,26.13,45000,0
2000-11-24,26.25,27.0,25.94,27.0,28200,0
2000-11-27,27.13,27.5,26.88,27.13,58600,0
2000-11-28,27.13,27.56,27.06,27.38,79000,0
2000-11-29,27.38,27.94,27.38,27.63,46200,0
2000-11-30,27.94,29.0,27.81,28.69,139400,0
2000-12-01,28.75,29.0,28.63,28.88,64800,0
2000-12-04,28.75,29.44,28.63,29.19,83300,0
2000-12-05,29.38,30.0,29.22,29.69,140500,0
2000-12-06,29.69,30.13,28.88,29.0,104900,0
2000-12-07,29.0,29.0,26.94,28.56,261600,0
2000-12-08,28.81,30.69,28.69,30.69,131400,0
2000-12-11,30.0,30.0,29.19,29.5,138600,0
2000-12-12,29.25,29.5,28.56,28.56,61800,0
2000-12-13,28.63,28.63,27.5,27.5,45500,0
2000-12-14,27.0,28.06,26.88,27.06,62500,0
2000-12-15,26.81,27.19,26.56,26.56,115000,0
2000-12-18,26.63,27.13,26.5,26.75,77900,0
2000-12-19,26.69,27.44,26.63,27.25,71100,0
2000-12-20,27.38,27.38,25.75,25.81,253000,0
2000-12-21,25.81,26.81,25.44,26.31,174500,0
2000-12-22,26.38,28.38,26.38,28.25,70600,0
2000-12-26,28.06,28.81,27.88,28.62,81400,0
2000-12-27,28.5,29.75,28.19,29.5,149800,0
2000-12-28,29.63,30.13,29.38,30.13,109300,0
2000-12-29,30.0,30.63,29.13,29.13,173700,0
2001-01-02,29.31,29.44,28.19,28.44,67300,0
2001-01-03,28.25,30.25,28.13,30.19,140100,0
2001-01-04,30.19,30.94,29.88,30.0,152400,0
2001-01-05,29.94,29.94,28.63,28.94,85200,0
2001-01-08,29.06,29.56,28.88,29.0,43500,0
2001-01-09,28.88,29.19,28.69,29.0,36400,0
2001-01-10,29.0,29.25,28.25,29.25,67200,0
2001-01-11,29.13,29.44,28.81,29.25,46000,0
2001-01-12,29.13,29.19,28.44,29.0,36800,0
2001-01-16,28.88,29.44,28.63,29.31,73200,0
2001-01-17,29.44,29.44,27.5,27.69,86700,0
2001-01-18,27.75,27.75,26.5,27.69,118600,0
2001-01-19,27.69,27.69,26.75,26.75,155900,0
2001-01-22,26.81,26.81,26.06,26.69,107600,0
2001-01-23,26.69,26.75,26.5,26.69,64700,0
2001-01-24,26.63,26.94,26.44,26.63,66700,0
2001-01-25,26.44,26.81,26.38,26.5,56800,0
2001-01-26,26.13,26.19,25.38,25.75,82800,0
2001-01-29,25.75,26.38,25.75,26.04,78800,0
2001-01-30,26.07,27.1,25.52,27.05,104800,0
2001-01-31,27.1,27.84,26.89,27.35,90700,0
2001-02-01,27.2,28.32,27.2,27.51,60800,0
2001-02-02,27.95,28.6,27.57,27.65,108200,0
2001-02-05,27.64,28.8,27.25,28.16,92900,0
2001-02-06,28.75,29.55,28.66,29.12,184000,0
2001-02-07,28.95,29.63,28.87,29.63,108700,0
2001-02-08,29.62,30.1,29.39,29.93,160400,0
2001-02-09,29.93,29.99,29.65,29.69,66100,0
2001-02-12,29.69,30.75,29.69,30.67,113400,0
2001-02-13,30.67,30.81,30.41,30.55,119500,0
2001-02-14,30.53,30.76,30.27,30.29,66900,0
2001-02-15,30.3,31.2,30.23,30.92,145400,0
2001-02-16,30.94,30.94,30.05,30.21,49600,0
2001-02-20,30.1,30.54,29.9,30.22,59900,0
2001-02-21,30.25,30.7,29.55,29.57,140100,0
2001-02-22,29.37,29.84,29.0,29.8,155000,0
2001-02-23,29.8,30.1,29.25,29.95,128600,0
2001-02-26,29.85,31.1,29.8,30.3,99800,0
2001-02-27,30.05,30.9,30.05,30.5,65600,0
2001-02-28,30.86,31.15,30.15,31.15,116800,0
2001-03-01,31.15,31.15,29.8,30.05,153200,0
2001-03-02,30.0,31.33,29.85,31.08,102800,0
2001-03-05,30.95,31.95,30.95,31.58,104300,0
2001-03-06,31.75,32.35,31.71,32.18,216100,0
2001-03-07,32.19,32.78,32.1,32.25,193400,0
2001-03-08,32.2,33.0,32.15,32.61,199000,0
2001-03-09,32.6,32.6,31.55,31.56,234800,0
2001-03-12,31.5,31.5,30.25,30.25,116300,0
2001-03-13,30.35,30.59,29.53,30.59,258600,0
2001-03-14,30.59,30.75,30.1,30.12,90400,0
2001-03-15,30.12,30.4,29.65,30.18,134300,0
2001-03-16,30.43,30.5,28.3,28.6,230500,0
2001-03-19,28.7,28.97,28.4,28.7,68400,0
2001-03-20,28.8,28.89,28.24,28.44,94000,0
2001-03-21,28.45,28.45,27.0,27.18,149000,0
2001-03-22,27.16,27.25,25.66,26.75,131200,0
2001-03-23,26.55,26.91,25.3,26.0,295900,0
2001-03-26,26.1,27.09,26.05,26.93,108300,0
2001-03-27,26.93,27.12,25.91,27.05,189200,0
2001-03-28,26.95,27.25,26.6,27.05,81400,0
2001-03-29,27.05,27.95,27.05,27.45,129400,0
2001-03-30,27.45,27.65,26.9,27.5,208100,0
2001-04-02,27.6,28.45,26.96,27.49,130500,0
2001-04-03,27.48,27.65,26.67,26.75,47500,0
2001-04-04,26.8,27.5,26.8,27.25,117500,0
2001-04-05,27.35,28.47,27.2,28.44,72500,0
2001-04-06,28.5,28.6,27.65,27.96,78700,0
2001-04-09,27.15,29.05,26.9,28.59,127600,0
2001-04-10,28.7,29.3,28.35,28.93,148800,0
2001-04-11,29.0,29.27,28.32,28.33,98400,0
2001-04-12,28.0,29.74,28.0,29.53,127600,0
2001-04-16,29.5,29.85,29.3,29.63,77900,0
2001-04-17,29.6,30.03,29.36,29.9,42700,0
2001-04-18,29.85,30.75,29.74,30.5,202600,0
2001-04-19,30.5,31.5,30.5,31.5,123900,0
2001-04-20,31.55,31.59,31.02,31.58,150400,0
2001-04-23,31.5,31.6,31.4,31.52,62000,0
2001-04-24,31.53,32.24,31.5,32.1,107500,0
2001-04-25,32.09,32.93,31.99,32.92,121000,0
2001-04-26,32.95,33.3,32.3,33.15,97800,0
2001-04-27,33.4,33.5,33.0,33.01,76500,0
2001-04-30,33.01,33.01,32.74,32.77,63900,0
2001-05-01,33.0,33.0,32.5,32.79,85000,0
2001-05-02,32.85,32.94,32.55,32.77,52700,0
2001-05-03,32.77,32.8,32.41,32.75,54500,0
2001-05-04,32.65,33.0,31.2,33.0,286700,0
2001-05-07,33.0,33.19,32.59,32.65,68300,0
2001-05-08,32.4,32.9,32.3,32.8,115200,0
2001-05-09,32.7,32.85,32.24,32.28,61500,0
2001-05-10,32.28,32.6,32.2,32.55,133400,0
2001-05-11,32.3,32.64,32.13,32.18,156600,0
2001-05-14,32.18,32.3,32.04,32.17,62700,0
2001-05-15,32.0,32.3,32.0,32.2,593100,0
2001-05-16,32.45,33.75,32.45,33.7,348500,0
2001-05-17,33.71,34.28,33.65,34.24,156300,0
2001-05-18,34.18,34.9,34.18,34.72,89500,0
2001-05-21,34.72,35.0,34.57,35.0,49700,0
2001-05-22,34.93,36.02,34.63,35.8,97100,0
2001-05-23,35.8,35.8,35.14,35.25,156900,0
2001-05-24,35.25,35.96,35.2,35.53,122500,0
2001-05-25,35.53,35.55,35.2,35.21,88300,0
2001-05-29,35.22,35.35,34.9,34.9,201100,0
2001-05-30,34.85,34.87,34.47,34.48,86300,0
2001-05-31,34.55,35.3,34.55,35.13,76800,0
2001-06-01,35.2,35.64,35.11,35.5,111400,0
2001-06-04,35.5,36.09,35.5,35.78,75300,0
2001-06-05,35.79,36.8,35.79,36.7,135100,0
2001-06-06,36.75,37.12,36.25,36.25,82700,0
2001-06-07,36.05,36.6,35.22,35.31,194700,0
2001-06-08,35.06,35.06,34.2,34.35,156000,0
2001-06-11,34.35,34.35,33.95,34.01,111300,0
2001-06-12,33.81,34.9,33.7,34.9,142000,0
2001-06-13,34.89,35.92,34.89,35.75,87300,0
2001-06-14,35.75,35.75,34.83,34.92,140800,0
2001-06-15,34.92,35.97,34.9,35.34,172600,0
2001-06-18,35.34,35.69,35.34,35.39,68800,0
2001-06-19,35.35,36.0,34.77,34.77,60400,0
2001-06-20,34.75,35.99,34.75,35.9,87600,0
2001-06-21,36.0,36.78,35.85,36.52,89800,0
2001-06-22,36.51,36.56,36.0,36.05,92200,0
2001-06-25,36.05,37.0,35.91,36.29,133500,0
2001-06-26,36.54,36.75,35.95,36.58,186800,0
2001-06-27,36.83,37.25,35.95,36.07,171900,0
2001-06-28,36.2,37.1,36.2,37.1,95000,0
2001-06-29,37.1,37.37,36.76,36.9,164600,0
2001-07-02,36.45,36.45,35.4,35.65,265800,0
2001-07-03,36.09,37.53,35.79,37.21,98100,0
2001-07-05,36.8,37.15,36.2,36.62,152400,0
2001-07-06,36.7,36.7,35.76,35.9,60800,0
2001-07-09,36.0,36.17,35.65,35.92,153500,0
2001-07-10,35.92,36.19,35.26,35.26,137100,0
2001-07-11,35.24,35.81,35.24,35.75,76700,0
2001-07-12,35.76,36.2,35.33,36.09,142400,0
2001-07-13,36.0,36.2,35.69,35.85,82300,0
2001-07-16,36.0,36.08,35.25,35.45,70800,0
2001-07-17,35.41,36.94,35.41,36.9,158500,0
2001-07-18,36.85,36.95,36.26,36.37,82600,0
2001-07-19,36.47,37.65,36.35,37.16,101300,0
2001-07-20,37.1,37.4,36.85,37.37,156000,0
2001-07-23,37.5,37.8,37.21,37.6,142700,0
2001-07-24,37.6,38.0,36.85,37.08,168800,0
2001-07-25,37.08,38.22,36.96,38.15,133500,0
2001-07-26,38.15,38.53,37.77,38.53,232400,0
2001-07-27,38.53,38.8,38.39,38.65,121600,0
2001-07-30,38.6,38.95,37.92,38.27,80100,0
2001-07-31,38.37,38.6,37.89,38.6,114400,0
2001-08-01,38.5,38.5,37.15,38.35,146600,0
2001-08-02,38.35,38.35,37.4,37.74,111900,0
2001-08-03,37.85,39.0,37.85,38.9,116100,0
2001-08-06,39.2,39.25,38.58,38.76,108600,0
2001-08-07,38.9,39.06,38.78,39.0,95100,0
2001-08-08,38.6,38.98,38.55,38.72,204800,0
2001-08-09,38.72,39.23,38.72,39.1,246200,0
2001-08-10,39.15,39.79,38.85,39.47,313500,0
2001-08-13,39.47,39.5,38.95,39.25,180200,0
2001-08-14,39.3,39.45,39.15,39.3,363200,0
2001-08-15,39.18,39.25,38.45,38.75,205300,0
2001-08-16,38.75,39.15,38.5,39.13,129300,0
2001-08-17,39.23,39.23,38.38,38.58,108100,0
2001-08-20,38.58,38.58,38.58,38.58,97700,0
2001-08-21,38.9,39.55,38.9,39.05,75500,0
2001-08-22,39.0,39.31,38.65,39.19,80800,0
2001-08-23,39.14,39.25,39.03,39.05,45700,0
2001-08-24,39.02,39.32,38.71,39.3,73800,0
2001-08-27,39.15,39.5,38.9,38.9,154000,0
2001-08-28,39.0,39.01,38.52,38.86,91200,0
2001-08-29,39.0,39.02,38.6,38.78,98900,0
2001-08-30,39.08,39.08,37.92,38.0,124500,0
2001-08-31,37.99,39.26,37.88,39.0,141200,0
2001-09-04,38.99,39.04,38.65,38.65,167600,0
2001-09-05,38.76,38.8,37.8,38.36,141500,0
2001-09-06,38.3,38.49,37.92,38.09,76900,0
2001-09-07,37.86,37.87,35.74,35.8,94300,0
2001-09-10,35.55,36.17,34.05,34.57,184900,0
2001-09-17,34.37,34.46,33.3,34.0,178500,0
2001-09-18,34.0,35.17,34.0,34.65,177000,0
2001-09-19,34.75,34.75,31.9,33.3,116100,0
2001-09-20,33.05,33.05,30.37,30.37,155100,0
2001-09-21,30.3,30.3,28.43,29.72,233100,0
2001-09-24,31.5,31.5,29.95,31.28,179200,0
2001-09-25,31.28,31.28,31.28,31.28,206000,0
2001-09-26,33.32,33.32,31.1,31.14,207900,0
2001-09-27,31.14,31.14,30.6,30.7,155600,0
2001-09-28,30.65,32.1,30.63,31.92,190000,0
2001-10-01,31.5,31.65,30.12,30.87,108000,0
2001-10-02,30.62,31.1,30.62,30.98,132200,0
2001-10-03,32.03,32.03,30.81,31.84,169500,0
2001-10-04,32.61,32.61,31.77,32.37,212800,0
2001-10-05,33.5,33.5,32.35,33.25,192200,0
2001-10-08,33.43,33.43,32.72,33.2,137400,0
2001-10-09,34.1,34.1,32.95,33.65,130700,0
2001-10-10,33.65,36.0,33.65,35.61,182200,0
2001-10-11,35.61,37.46,35.61,36.75,188100,0
2001-10-12,36.85,36.9,35.37,36.05,142500,0
2001-10-15,36.1,37.1,35.85,37.1,72000,0
2001-10-16,37.05,37.43,37.05,37.38,111100,0
2001-10-17,37.28,37.4,35.82,35.83,84000,0
2001-10-18,35.98,36.69,35.85,35.95,64200,0
2001-10-19,35.97,36.69,35.87,36.62,69500,0
2001-10-22,36.55,37.01,36.3,36.85,46300,0
2001-10-23,36.75,37.12,36.41,36.41,51200,0
2001-10-24,36.46,36.46,35.91,36.18,72600,0
2001-10-25,36.15,36.95,35.95,36.73,208900,0
2001-10-26,36.73,37.32,36.55,37.04,97500,0
2001-10-29,37.2,37.66,36.59,36.6,168800,0
2001-10-30,36.65,36.65,35.0,35.06,115400,0
2001-10-31,34.7,35.78,34.7,35.18,286700,0
2001-11-01,35.25,36.3,34.65,36.12,104800,0
2001-11-02,36.07,36.6,35.63,36.36,105400,0
2001-11-05,36.14,36.82,36.05,36.24,104300,0
2001-11-06,36.49,38.0,36.17,37.93,112400,0
2001-11-07,38.23,38.23,37.53,37.99,217800,0
2001-11-08,37.99,38.51,37.35,37.5,158500,0
2001-11-09,37.65,37.76,37.3,37.7,112700,0
2001-11-12,37.6,37.6,36.85,37.24,137100,0
2001-11-13,37.2,38.13,37.15,38.1,121500,0
2001-11-14,38.2,38.82,38.2,38.51,124800,0
2001-11-15,38.58,39.42,38.4,39.2,139100,0
2001-11-16,39.12,39.6,38.65,38.82,176200,0
2001-11-19,38.82,39.51,38.8,39.51,97700,0
2001-11-20,39.45,39.45,39.16,39.32,105900,0
2001-11-21,39.3,39.3,38.95,39.3,59000,0
2001-11-23,40.0,40.0,39.2,39.92,30600,0
2001-11-26,39.62,39.87,39.29,39.48,86200,0
2001-11-27,39.38,39.72,39.32,39.47,82300,0
2001-11-28,39.38,39.38,38.48,38.92,141700,0
2001-11-29,38.98,39.89,38.95,39.62,93900,0
2001-11-30,39.7,40.34,39.62,39.91,160500,0
2001-12-03,39.75,39.75,38.6,39.0,87200,0
2001-12-04,39.01,40.51,39.0,40.05,96600,0
2001-12-05,40.3,41.37,39.99,41.1,109100,0
2001-12-06,41.08,41.08,40.29,40.68,67600,0
2001-12-07,41.09,41.09,40.17,40.94,73800,0
2001-12-10,40.55,40.55,39.03,39.3,117700,0
2001-12-11,39.5,40.17,39.4,40.11,95400,0
2001-12-12,40.0,40.0,38.71,39.48,118700,0
2001-12-13,39.4,39.95,39.15,39.39,140900,0
2001-12-14,39.2,39.25,38.93,39.1,103000,0
2001-12-17,39.2,40.25,39.17,39.69,155600,0
2001-12-18,39.94,40.2,39.5,39.95,132300,0
2001-12-19,39.77,40.45,39.7,39.97,128100,0
2001-12-20,40.15,40.4,39.25,39.67,139100,0
2001-12-21,39.75,40.69,39.37,40.51,195000,0
2001-12-24,40.51,40.91,40.24,40.91,40700,0
2001-12-26,40.8,41.09,40.03,40.2,70100,0
2001-12-27,40.19,41.05,40.03,40.66,85800,0
2001-12-28,40.66,40.68,40.15,40.48,80200,0
2001-12-31,40.3,40.75,39.76,40.27,114700,0
2002-01-02,40.1,40.24,39.24,39.45,180900,0
2002-01-03,40.25,40.25,39.1,40.1,261900,0
2002-01-04,40.5,40.5,39.9,40.35,177100,0
2002-01-07,40.15,40.37,39.89,39.9,93000,0
2002-01-08,39.81,39.95,39.02,39.63,200500,0
2002-01-09,39.6,39.81,39.3,39.3,170100,0
2002-01-10,39.3,39.3,38.35,38.48,147000,0
2002-01-11,38.45,38.71,38.12,38.21,123300,0
2002-01-14,38.1,38.2,36.87,36.87,105100,0
2002-01-15,37.1,37.74,36.45,37.0,134600,0
2002-01-16,37.0,37.0,35.65,35.65,88400,0
2002-01-17,35.65,36.97,35.65,36.97,177400,0
2002-01-18,36.49,36.69,35.8,35.95,180100,0
2002-01-22,36.0,36.43,36.0,36.1,149200,0
2002-01-23,36.7,36.7,35.96,36.6,133000,0
2002-01-24,36.6,37.4,36.45,37.2,174600,0
2002-01-25,37.05,37.83,37.0,37.4,85100,0
2002-01-28,38.15,38.15,37.45,38.0,106600,0
2002-01-29,38.1,38.76,37.13,37.58,134600,0
2002-01-30,37.0,38.69,36.0,38.64,245100,0
2002-01-31,38.5,38.6,38.0,38.03,70800,0
2002-02-01,38.35,38.35,36.95,37.18,104300,0
2002-02-04,36.95,36.95,36.0,36.07,214800,0
2002-02-05,36.07,36.9,35.7,36.52,93700,0
2002-02-06,36.2,36.22,35.84,35.86,136500,0
2002-02-07,35.65,35.65,35.3,35.3,134000,0
2002-02-08,35.15,36.44,35.15,36.28,105200,0
2002-02-11,36.25,37.56,36.25,37.08,127100,0
2002-02-12,37.08,37.27,36.6,36.77,96100,0
2002-02-13,36.2,36.9,36.2,36.54,112700,0
2002-02-14,36.6,36.8,36.02,36.25,76400,0
2002-02-15,36.65,36.65,35.86,35.86,481500,0
2002-02-19,35.86,36.05,35.25,35.69,85200,0
2002-02-20,35.87,35.87,35.27,35.87,157500,0
2002-02-21,35.77,37.2,35.77,36.76,137100,0
2002-02-22,36.76,37.6,36.76,37.6,132700,0
2002-02-25,37.65,38.25,37.55,37.9,114800,0
2002-02-26,38.27,39.25,38.17,38.89,118100,0
2002-02-27,38.8,39.55,38.8,39.06,140500,0
2002-02-28,38.9,39.31,38.56,38.64,116800,0
2002-03-01,38.85,38.92,38.31,38.66,149300,0
2002-03-04,38.66,40.44,38.65,40.44,130400,0
2002-03-05,41.0,41.0,39.45,40.25,158800,0
2002-03-06,40.0,41.53,39.9,41.53,212500,0
2002-03-07,41.78,41.78,40.85,41.28,133100,0
2002-03-08,41.53,42.0,41.2,41.73,342900,0
2002-03-11,41.5,41.7,41.22,41.4,145600,0
2002-03-12,41.45,41.45,41.0,41.3,331700,0
2002-03-13,41.15,41.54,40.89,41.5,91100,0
2002-03-14,42.27,42.27,41.4,42.01,131200,0
2002-03-15,41.76,42.7,41.6,41.6,285300,0
2002-03-18,41.35,41.96,41.1,41.5,105800,0
2002-03-19,41.5,42.2,41.49,41.81,124000,0
2002-03-20,41.7,41.81,40.59,40.68,137900,0
2002-03-21,40.29,40.29,39.0,39.55,213600,0
2002-03-22,39.35,39.75,38.9,39.11,224100,0
2002-03-25,39.1,39.16,38.3,38.4,89200,0
2002-03-26,38.25,39.51,38.17,39.47,136400,0
2002-03-27,40.11,40.11,39.47,40.11,131100,0
2002-03-28,40.11,40.7,40.11,40.43,157000,0
2002-04-01,40.3,40.3,39.79,40.1,102500,0
2002-04-02,40.1,40.25,39.75,39.75,106600,0
2002-04-03,39.6,39.7,38.72,38.86,75200,0
2002-04-04,38.85,39.51,38.85,39.51,80600,0
2002-04-05,39.49,40.31,39.49,40.09,72900,0
2002-04-08,40.0,40.79,39.54,40.48,59800,0
2002-04-09,40.65,40.82,40.45,40.57,125600,0
2002-04-10,40.77,41.55,40.75,41.3,78200,0
2002-04-11,41.25,41.35,40.49,40.49,154700,0
2002-04-12,40.3,41.0,40.0,41.0,103100,0
2002-04-15,41.0,41.08,40.2,40.64,141800,0
2002-04-16,41.15,41.55,41.15,41.55,104000,0
2002-04-17,41.55,41.75,41.18,41.41,105400,0
2002-04-18,41.3,41.3,39.3,39.7,194900,0
2002-04-19,39.6,40.01,39.32,39.82,126100,0
2002-04-22,39.95,39.95,38.78,38.79,54400,0
2002-04-23,38.6,38.99,38.5,38.65,92400,0
2002-04-24,38.8,39.4,38.6,38.81,149600,0
2002-04-25,38.85,39.47,38.15,39.47,153000,0
2002-04-26,39.35,39.7,39.12,39.13,117800,0
2002-04-29,39.38,39.48,38.36,38.5,169400,0
2002-04-30,38.25,39.7,38.25,39.66,89900,0
2002-05-01,39.0,39.4,37.8,38.85,148400,0
2002-05-02,38.9,40.1,38.75,39.8,107800,0
2002-05-03,39.9,40.75,39.77,40.64,154600,0
2002-05-06,40.95,40.95,39.59,39.95,231700,0
2002-05-07,40.0,40.93,39.97,40.5,162200,0
2002-05-08,40.33,41.04,40.33,41.02,137000,0
2002-05-09,41.0,41.3,40.9,41.0,134300,0
2002-05-10,40.97,40.97,40.35,40.5,155200,0
2002-05-13,40.4,41.05,40.3,40.76,105500,0
2002-05-14,40.9,41.8,40.9,41.8,112400,0
2002-05-15,41.7,42.04,41.25,42.04,103500,0
2002-05-16,41.9,41.95,41.06,41.11,54600,0
2002-05-17,41.3,42.5,41.3,42.48,223700,0
2002-05-20,42.47,43.0,42.12,42.44,117500,0
2002-05-21,42.4,42.75,41.8,42.31,140700,0
2002-05-22,42.25,42.57,42.05,42.27,102000,0
2002-05-23,42.26,43.0,42.2,42.98,183200,0
2002-05-24,42.0,42.6,41.73,41.9,317800,0
2002-05-28,41.9,42.22,41.69,42.22,132500,0
2002-05-29,41.85,41.85,39.7,39.84,316000,0
2002-05-30,39.84,39.97,39.3,39.85,336500,0
2002-05-31,39.94,40.4,39.8,40.1,172700,0
2002-06-03,40.05,40.1,39.55,39.55,199600,0
2002-06-04,39.4,39.5,38.5,38.85,295400,0
2002-06-05,38.85,39.25,38.7,38.98,199600,0
2002-06-06,39.2,39.2,37.9,37.91,201400,0
2002-06-07,37.91,38.48,37.2,37.99,200900,0
2002-06-10,37.95,38.1,37.62,37.62,217400,0
2002-06-11,37.62,37.9,36.55,36.58,382100,0
2002-06-12,36.4,37.18,36.22,37.12,174800,0
2002-06-13,36.71,37.25,36.15,36.29,260000,0
2002-06-14,35.9,36.3,35.6,36.06,1856700,0
2002-06-17,36.3,37.0,36.0,36.85,330600,0
2002-06-18,36.75,37.35,36.6,37.15,226800,0
2002-06-19,37.25,37.5,36.24,36.25,252300,0
2002-06-20,36.3,37.1,36.24,36.29,154000,0
2002-06-21,36.45,37.09,35.99,36.35,213800,0
2002-06-24,36.2,36.45,35.5,36.0,287100,0
2002-06-25,35.75,36.2,35.15,35.35,214500,0
2002-06-26,35.2,35.6,34.65,35.38,184500,0
2002-06-27,35.13,35.95,34.75,35.83,245400,0
2002-06-28,35.65,36.65,35.65,36.6,254100,0
2002-07-01,36.6,36.8,35.55,35.84,216000,0
2002-07-02,35.78,36.0,34.5,34.8,130700,0
2002-07-03,35.05,35.25,33.57,34.02,192100,0
2002-07-05,34.1,35.85,34.1,35.85,112200,0
2002-07-08,35.7,36.0,35.2,35.52,145800,0
2002-07-09,35.5,36.4,34.54,34.63,155000,0
2002-07-10,34.88,34.96,33.56,33.8,203900,0
2002-07-11,33.75,33.8,32.3,33.15,214400,0
2002-07-12,33.0,33.88,32.65,33.11,136600,0
2002-07-15,33.05,33.05,31.02,32.94,269600,0
2002-07-16,32.94,32.94,31.4,32.25,226200,0
2002-07-17,32.5,32.9,31.2,32.25,238600,0
2002-07-18,31.96,32.25,30.99,31.3,176700,0
2002-07-19,31.31,31.31,30.36,30.61,203300,0
2002-07-22,30.61,30.61,29.0,29.79,233000,0
2002-07-23,29.75,29.9,29.0,29.28,201300,0
2002-07-24,28.25,30.76,27.73,30.76,351800,0
2002-07-25,30.76,31.4,29.12,30.32,216900,0
2002-07-26,30.1,31.2,30.1,31.16,181000,0
2002-07-29,30.91,32.9,30.91,32.63,232600,0
2002-07-30,32.64,32.83,31.17,32.65,209100,0
2002-07-31,32.4,32.8,31.59,32.44,204100,0
2002-08-01,32.3,32.4,31.27,31.75,127700,0
2002-08-02,31.7,31.91,29.6,30.1,235500,0
2002-08-05,30.0,30.4,29.69,29.71,177700,0
2002-08-06,30.0,31.05,29.95,30.6,242300,0
2002-08-07,31.25,31.3,30.09,31.29,232200,0
2002-08-08,31.25,32.1,31.05,31.98,164300,0
2002-08-09,31.9,32.33,31.3,32.29,133200,0
2002-08-12,32.29,32.78,31.5,32.74,239800,0
2002-08-13,32.65,33.0,32.2,32.2,179800,0
2002-08-14,31.9,32.6,31.05,32.6,175100,0
2002-08-15,32.6,32.8,31.8,32.38,167900,0
2002-08-16,32.3,32.94,32.02,32.52,155700,0
2002-08-19,32.3,33.45,32.3,33.42,121700,0
2002-08-20,33.25,33.33,32.8,33.13,130900,0
2002-08-21,33.25,33.97,33.17,33.97,176600,0
2002-08-22,33.95,34.5,33.85,34.42,191600,0
2002-08-23,34.39,34.39,33.65,33.93,201100,0
2002-08-26,33.95,34.64,33.64,34.64,210800,0
2002-08-27,34.89,35.6,34.7,34.77,178800,0
2002-08-28,34.52,34.52,33.88,33.89,165200,0
2002-08-29,33.9,34.5,33.6,34.3,110100,0
2002-08-30,34.27,35.34,34.27,34.75,214700,0
2002-09-03,34.72,34.72,33.22,33.5,203100,0
2002-09-04,33.5,34.15,33.25,34.15,142200,0
2002-09-05,34.05,34.08,33.48,33.5,138100,0
2002-09-06,33.75,34.68,33.75,34.63,106700,0
2002-09-09,34.43,34.52,33.49,34.41,178800,0
2002-09-10,34.41,34.7,34.01,34.53,213300,0
2002-09-11,34.75,34.8,34.4,34.57,82300,0
2002-09-12,34.5,34.59,33.72,33.75,118300,0
2002-09-13,33.85,33.95,33.47,33.7,144300,0
2002-09-16,33.45,33.53,33.1,33.11,113500,0
2002-09-17,33.33,33.35,32.13,32.13,176500,0
2002-09-18,32.13,32.28,31.45,31.75,230800,0
2002-09-19,31.25,31.9,31.2,31.35,150900,0
2002-09-20,31.75,31.75,30.99,31.06,182300,0
2002-09-23,30.81,31.2,30.2,30.26,88500,0
2002-09-24,30.03,30.15,29.25,29.5,138900,0
2002-09-25,29.9,29.99,29.08,29.7,416900,0
2002-09-26,30.0,33.1,30.0,33.07,328300,0
2002-09-27,32.95,33.25,30.9,31.24,194200,0
2002-09-30,31.2,32.4,30.7,32.12,263500,0
2002-10-01,32.16,32.87,31.1,32.87,233900,0
2002-10-02,32.84,32.9,31.74,31.88,116100,0
2002-10-03,31.7,32.55,31.32,31.48,86700,0
2002-10-04,31.51,31.51,29.53,30.67,154700,0
2002-10-07,30.67,30.95,29.5,30.01,146700,0
2002-10-08,30.01,30.91,29.35,30.6,179500,0
2002-10-09,30.3,30.6,28.75,29.27,300800,0
2002-10-10,29.15,30.71,28.81,30.61,197600,0
2002-10-11,31.0,32.55,31.0,31.69,161800,0
2002-10-14,31.6,31.85,31.05,31.46,65800,0
2002-10-15,31.9,33.93,31.9,33.93,120800,0
2002-10-16,33.73,33.73,31.51,31.93,170900,0
2002-10-17,32.6,33.28,32.32,33.28,182700,0
2002-10-18,33.2,33.32,32.5,32.89,154400,0
2002-10-21,32.45,33.4,32.32,33.27,297200,0
2002-10-22,32.95,32.95,32.28,32.44,88000,0
2002-10-23,32.45,33.26,31.5,32.99,140200,0
2002-10-24,33.0,33.1,32.0,32.1,123600,0
2002-10-25,32.0,32.72,31.7,32.72,74300,0
2002-10-28,32.97,33.05,30.93,30.93,187100,0
2002-10-29,30.92,31.15,29.42,30.63,220400,0
2002-10-30,30.64,31.35,30.07,31.12,195400,0
2002-10-31,31.1,32.0,30.6,31.17,217500,0
2002-11-01,30.85,31.6,30.55,31.47,129300,0
2002-11-04,31.72,32.25,31.4,31.45,130700,0
2002-11-05,31.0,31.6,30.68,30.76,181900,0
2002-11-06,31.0,31.86,30.57,31.85,198400,0
2002-11-07,31.28,31.35,30.55,30.63,129000,0
2002-11-08,30.63,31.05,29.93,30.28,118800,0
2002-11-11,30.26,30.35,29.46,29.5,108700,0
2002-11-12,29.75,30.57,29.4,30.28,134900,0
2002-11-13,30.3,30.9,30.09,30.76,208300,0
2002-11-14,31.0,32.25,30.95,32.25,187200,0
2002-11-15,32.25,33.01,32.15,32.95,200800,0
2002-11-18,33.03,33.03,31.84,32.0,160100,0
2002-11-19,32.01,32.01,31.11,31.5,208700,0
2002-11-20,31.5,31.5,30.94,31.2,399500,0
2002-11-21,31.0,32.52,30.8,32.39,369000,0
2002-11-22,32.5,33.16,32.21,33.09,418800,0
2002-11-25,33.05,34.15,32.97,33.59,128400,0
2002-11-26,33.59,33.95,33.07,33.3,218300,0
2002-11-27,33.33,34.98,33.33,34.98,279900,0
2002-11-29,34.98,35.29,34.56,34.92,53000,0
2002-12-02,35.3,36.15,35.29,35.6,283600,0
2002-12-03,35.4,35.6,34.72,34.82,158500,0
2002-12-04,34.6,34.75,33.9,34.25,168500,0
2002-12-05,34.28,34.28,33.07,33.15,114000,0
2002-12-06,32.9,33.59,32.69,33.51,128800,0
2002-12-09,33.36,33.36,32.63,32.64,209800,0
2002-12-10,32.5,33.22,32.3,32.93,218400,0
2002-12-11,32.94,32.97,32.45,32.83,143300,0
2002-12-12,32.76,32.95,32.4,32.64,90200,0
2002-12-13,32.54,32.6,31.85,32.0,76000,0
2002-12-16,32.01,33.14,31.95,33.05,226700,0
2002-12-17,33.15,33.32,32.6,32.69,197800,0
2002-12-18,32.5,32.65,32.0,32.05,189400,0
2002-12-19,32.0,32.62,32.0,32.38,195600,0
2002-12-20,32.38,32.82,32.17,32.82,178600,0
2002-12-23,32.7,33.39,32.11,33.33,165100,0
2002-12-24,33.25,33.58,33.0,33.39,79100,0
2002-12-26,33.4,34.85,33.4,34.0,203900,0
2002-12-27,33.92,33.92,33.45,33.61,114000,0
2002-12-30,34.0,34.0,33.47,33.9,211400,0
2002-12-31,34.1,34.5,33.41,34.48,238500,0
2003-01-02,34.35,35.45,34.1,35.36,138400,0
2003-01-03,35.36,35.36,34.7,34.78,134000,0
2003-01-06,34.9,35.56,34.9,35.25,158300,0
2003-01-07,35.2,35.21,34.31,34.6,118900,0
2003-01-08,34.65,34.65,33.7,33.92,124100,0
2003-01-09,34.15,34.58,33.91,34.0,173800,0
2003-01-10,33.95,34.5,33.76,34.41,172100,0
2003-01-13,34.55,34.7,34.22,34.6,123100,0
2003-01-14,34.58,35.15,34.58,35.15,183500,0
2003-01-15,35.15,35.24,34.62,34.73,325300,0
2003-01-16,34.8,35.35,34.76,34.95,222900,0
2003-01-17,34.85,34.96,33.92,34.3,183500,0
2003-01-21,34.41,34.59,33.32,33.61,160000,0
2003-01-22,33.57,33.57,32.17,32.2,124100,0
2003-01-23,32.6,34.51,32.58,33.8,151900,0
2003-01-24,33.55,33.55,32.3,32.74,174200,0
2003-01-27,32.6,33.1,32.2,32.3,176600,0
2003-01-28,32.3,32.75,31.85,32.7,135400,0
2003-01-29,32.3,32.75,31.85,32.7,656300,0
2003-01-30,31.52,31.55,31.1,31.4,238300,0
2003-01-31,31.4,31.85,31.1,31.66,217300,0
2003-02-03,31.67,31.8,30.89,31.25,214100,0
2003-02-04,31.26,31.26,30.33,30.69,155100,0
2003-02-05,30.7,30.94,30.4,30.52,172100,0
2003-02-06,30.35,30.58,30.08,30.5,207600,0
2003-02-07,31.0,31.01,30.0,30.01,118800,0
2003-02-10,30.0,30.02,29.28,29.87,187100,0
2003-02-11,29.95,30.06,29.24,29.59,142100,0
2003-02-12,29.59,29.62,28.97,29.03,148600,0
2003-02-13,29.2,29.29,28.43,28.8,132800,0
2003-02-14,28.9,29.39,28.71,29.24,138800,0
2003-02-18,29.7,30.6,29.7,30.19,217800,0
2003-02-19,30.25,30.25,29.61,29.9,146100,0
2003-02-20,29.91,30.01,29.75,29.8,101900,0
2003-02-21,29.8,30.19,29.6,30.1,121600,0
2003-02-24,30.05,30.05,29.3,29.34,140000,0
2003-02-25,29.1,30.05,29.0,30.05,120500,0
2003-02-26,30.0,30.0,29.84,29.92,130100,0
2003-02-27,30.12,30.25,29.7,29.92,84000,0
2003-02-28,30.04,30.49,29.91,29.92,104000,0
2003-03-03,30.1,30.75,29.94,29.94,151500,0
2003-03-04,30.1,30.1,29.67,29.67,120800,0
2003-03-05,29.45,29.95,29.13,29.53,148100,0
2003-03-06,29.54,29.99,29.15,29.2,142600,0
2003-03-07,28.95,29.83,28.8,29.58,84600,0
2003-03-10,29.33,29.37,28.51,28.6,85800,0
2003-03-11,28.4,28.75,27.6,27.84,140400,0
2003-03-12,27.65,27.93,27.1,27.45,189500,0
2003-03-13,29.25,30.78,29.2,30.57,536500,0
2003-03-14,30.82,31.19,30.43,30.59,144500,0
2003-03-17,30.45,32.28,30.0,32.2,172900,0
2003-03-18,32.1,32.21,31.42,31.65,218000,0
2003-03-19,30.85,31.75,30.6,30.89,260800,0
2003-03-20,30.66,31.66,30.33,31.51,191900,0
2003-03-21,31.6,32.57,31.37,32.57,120500,0
2003-03-24,32.07,32.07,30.5,31.2,197200,0
2003-03-25,31.55,31.8,31.32,31.8,147300,0
2003-03-26,31.6,31.68,30.54,30.61,120700,0
2003-03-27,30.46,31.2,30.35,31.07,84700,0
2003-03-28,28.61,29.65,28.0,28.49,900300,0
2003-03-31,28.4,28.55,27.76,28.13,323600,0
2003-04-01,28.37,28.37,27.75,28.05,323000,0
2003-04-02,28.7,30.2,28.7,29.81,269700,0
2003-04-03,29.85,29.88,29.4,29.41,245800,0
2003-04-04,29.49,29.7,28.88,29.06,178000,0
2003-04-07,29.9,30.08,29.39,29.48,272400,0
2003-04-08,29.48,29.8,29.15,29.53,269100,0
2003-04-09,29.42,29.5,28.9,29.09,325900,0
2003-04-10,29.09,29.6,28.98,29.35,149800,0
2003-04-11,29.4,29.65,29.1,29.25,157900,0
2003-04-14,29.25,29.75,29.16,29.35,302400,0
2003-04-15,29.35,29.72,28.83,29.71,226300,0
2003-04-16,29.7,29.89,29.4,29.6,225800,0
2003-04-17,29.82,29.93,29.58,29.71,113000,0
2003-04-21,29.72,30.0,29.5,29.93,122600,0
2003-04-22,29.8,30.51,29.5,30.49,201100,0
2003-04-23,30.4,30.57,30.16,30.48,129000,0
2003-04-24,30.28,30.44,29.83,30.01,88600,0
2003-04-25,30.02,30.02,29.25,29.39,80000,0
2003-04-28,29.3,30.49,29.3,30.33,152600,0
2003-04-29,30.42,30.82,30.3,30.65,193200,0
2003-04-30,30.66,31.74,30.66,31.49,472700,0
2003-05-01,31.47,31.47,30.3,31.08,183200,0
2003-05-02,31.31,32.34,31.16,32.34,368100,0
2003-05-05,32.59,32.6,31.77,31.9,194200,0
2003-05-06,32.1,32.32,31.93,32.15,240700,0
2003-05-07,31.99,32.15,31.52,31.76,164600,0
2003-05-08,31.6,31.94,31.29,31.33,132200,0
2003-05-09,31.4,32.02,31.12,32.02,154600,0
2003-05-12,31.95,33.51,31.82,33.48,352400,0
2003-05-13,33.48,34.04,33.32,34.01,406400,0
2003-05-14,34.15,34.42,33.86,34.21,341100,0
2003-05-15,34.21,34.73,34.1,34.65,181300,0
2003-05-16,34.6,34.63,33.99,34.06,462800,0
2003-05-19,33.92,34.18,32.4,33.0,307600,0
2003-05-20,33.09,33.3,32.7,33.0,297600,0
2003-05-21,33.0,33.1,32.43,32.78,196100,0
2003-05-22,32.75,32.85,32.48,32.49,175700,0
2003-05-23,32.49,32.75,32.32,32.67,151500,0
2003-05-27,32.55,33.26,32.4,33.26,108900,0
2003-05-28,33.06,33.22,32.79,32.9,171400,0
2003-05-29,32.85,32.95,32.5,32.77,152000,0
2003-05-30,32.94,33.78,32.7,33.77,283000,0
2003-06-02,33.52,34.22,33.42,33.74,126000,0
2003-06-03,33.6,34.16,33.6,33.88,177700,0
2003-06-04,33.85,34.96,33.8,34.7,283900,0
2003-06-05,34.35,34.99,34.2,34.99,187500,0
2003-06-06,35.0,35.5,34.86,35.1,245800,0
2003-06-09,34.85,34.85,33.89,34.06,123700,0
2003-06-10,34.66,34.77,34.1,34.48,98000,0
2003-06-11,34.4,35.02,34.25,35.02,75200,0
2003-06-12,35.12,35.31,35.0,35.26,148600,0
2003-06-13,35.21,35.31,34.51,34.51,125100,0
2003-06-16,34.75,35.02,34.45,34.99,363400,0
2003-06-17,35.24,35.47,34.65,35.0,146100,0
2003-06-18,34.96,35.25,34.48,34.69,225400,0
2003-06-19,34.89,35.43,34.53,34.87,183000,0
2003-06-20,35.12,35.15,34.56,34.66,96300,0
2003-06-23,34.42,34.42,33.47,33.81,169900,0
2003-06-24,33.81,34.18,33.6,34.1,116000,0
2003-06-25,34.15,34.67,34.0,34.11,113200,0
2003-06-26,34.2,34.43,33.88,34.23,115200,0
2003-06-27,34.3,34.67,33.65,33.84,130800,0
2003-06-30,33.88,34.26,33.6,33.84,128600,0
2003-07-01,33.84,33.84,32.85,33.59,144400,0
2003-07-02,33.83,34.39,33.83,34.35,156200,0
2003-07-03,34.35,34.7,34.16,34.35,75600,0
2003-07-07,34.1,35.29,34.1,34.82,130000,0
2003-07-08,34.8,35.59,34.72,35.47,93900,0
2003-07-09,37.1,37.15,36.4,36.83,601200,0
2003-07-10,36.83,38.75,36.67,38.55,931500,0
2003-07-11,38.45,39.81,38.11,38.41,464900,0
2003-07-14,38.65,39.16,38.35,38.43,333500,0
2003-07-15,38.65,38.85,37.83,38.24,248500,0
2003-07-16,38.66,39.1,38.3,38.36,191600,0
2003-07-17,38.11,38.72,37.98,37.99,193300,0
2003-07-18,37.9,38.21,37.9,38.02,206300,0
2003-07-21,38.23,38.23,37.66,37.9,133200,0
2003-07-22,37.9,38.15,37.6,37.91,166200,0
2003-07-23,38.05,38.19,37.62,38.11,163400,0
2003-07-24,38.34,38.48,37.67,37.7,177500,0
2003-07-25,37.6,38.46,37.6,38.37,139300,0
2003-07-28,38.6,38.92,38.5,38.74,127700,0
2003-07-29,38.85,38.99,38.23,38.62,136800,0
2003-07-30,39.25,39.35,37.68,38.01,446000,0
2003-07-31,38.04,38.91,38.01,38.5,334800,0
2003-08-01,38.7,38.77,38.25,38.35,585800,0
2003-08-04,38.4,38.4,38.0,38.06,230900,0
2003-08-05,38.0,38.01,37.51,37.54,267600,0
2003-08-06,37.57,37.57,36.96,36.97,249300,0
2003-08-07,37.07,37.26,36.81,37.02,156800,0
2003-08-08,37.1,37.75,37.0,37.42,111200,0
2003-08-11,37.35,37.87,37.31,37.77,105300,0
2003-08-12,37.75,38.4,37.7,38.28,120900,0
2003-08-13,38.35,38.68,38.2,38.47,91300,0
2003-08-14,38.55,39.26,38.25,39.26,125600,0
2003-08-15,39.19,39.44,39.05,39.4,66300,0
2003-08-18,39.44,39.94,39.3,39.89,156300,0
2003-08-19,39.94,40.46,39.92,40.46,127000,0
2003-08-20,40.35,40.35,40.0,40.08,146300,0
2003-08-21,40.01,40.09,39.73,40.0,164600,0
2003-08-22,39.92,40.03,39.19,39.22,127000,0
2003-08-25,39.23,39.43,38.8,39.05,71000,0
2003-08-26,38.99,39.21,38.46,38.99,88400,0
2003-08-27,39.09,39.58,38.77,39.57,104400,0
2003-08-28,39.62,39.67,38.93,39.47,68100,0
2003-08-29,39.47,39.56,39.04,39.32,83700,0
2003-09-02,39.52,39.71,39.08,39.6,212800,0
2003-09-03,39.6,39.84,39.43,39.5,149300,0
2003-09-04,39.45,39.69,39.25,39.67,119800,0
2003-09-05,39.6,39.65,38.68,38.92,132000,0
2003-09-08,38.95,39.64,38.92,39.4,103800,0
2003-09-09,39.25,39.28,38.75,38.92,118500,0
2003-09-10,38.85,38.86,37.64,37.85,198000,0
2003-09-11,37.95,38.0,37.27,37.45,210800,0
2003-09-12,37.35,37.69,36.9,37.54,141900,0
2003-09-15,37.54,38.29,37.53,38.09,207000,0
2003-09-16,38.1,38.83,38.1,38.75,101400,0
2003-09-17,38.7,38.96,38.54,38.6,115700,0
2003-09-18,38.6,39.8,38.59,39.48,216300,0
2003-09-19,39.48,39.81,39.4,39.75,147700,0
2003-09-22,39.6,39.88,39.25,39.68,303300,0
2003-09-23,39.68,40.45,39.68,39.87,280200,0
2003-09-24,39.77,39.91,39.17,39.19,354200,0
2003-09-25,39.3,39.38,38.17,38.17,213000,0
2003-09-26,38.2,38.35,37.48,38.0,148800,0
2003-09-29,38.0,38.23,37.52,37.98,94100,0
2003-09-30,37.9,38.0,36.93,37.4,154600,0
2003-10-01,37.45,38.53,37.45,38.34,226800,0
2003-10-02,38.35,38.44,37.93,38.06,176600,0
2003-10-03,38.15,38.62,37.82,38.59,257900,0
2003-10-06,38.55,39.2,38.52,39.1,154400,0
2003-10-07,39.0,39.75,38.85,39.73,177300,0
2003-10-08,39.73,39.82,38.87,39.21,129500,0
2003-10-09,39.37,40.0,39.37,39.64,101200,0
2003-10-10,39.74,39.89,39.2,39.54,85100,0
2003-10-13,39.6,40.26,39.6,40.0,147500,0
2003-10-14,40.05,40.69,40.05,40.55,200300,0
2003-10-15,40.7,40.73,40.17,40.57,101200,0
2003-10-16,40.57,40.68,40.29,40.45,93100,0
2003-10-17,40.45,40.55,40.0,40.03,105300,0
2003-10-20,39.88,40.18,39.27,39.68,121800,0
2003-10-21,39.58,39.62,39.13,39.5,85200,0
2003-10-22,39.35,39.35,38.64,38.93,161600,0
2003-10-23,38.68,38.75,38.16,38.51,112200,0
2003-10-24,38.4,38.46,37.77,38.01,86300,0
2003-10-27,38.1,39.11,38.1,38.7,118500,0
2003-10-28,38.7,39.01,38.15,39.01,131700,0
2003-10-29,39.0,39.0,37.37,37.4,333400,0
2003-10-30,37.5,37.5,36.6,36.9,350500,0
2003-10-31,36.9,37.15,36.72,36.88,261000,0
2003-11-03,36.9,37.49,36.87,37.25,224400,0
2003-11-04,37.2,37.52,36.93,37.5,171300,0
2003-11-05,37.42,37.7,37.0,37.68,129800,0
2003-11-06,37.51,37.78,37.29,37.78,131800,0
2003-11-07,37.78,37.89,37.39,37.45,102500,0
2003-11-10,37.4,37.51,36.79,37.26,130700,0
2003-11-11,37.23,37.38,36.9,36.98,127200,0
2003-11-12,36.9,37.6,36.9,37.6,126100,0
2003-11-13,37.45,37.68,37.32,37.58,69200,0
2003-11-14,38.1,38.1,37.45,37.65,219500,0
2003-11-17,37.4,37.85,37.27,37.85,163700,0
2003-11-18,37.85,37.85,37.04,37.18,106800,0
2003-11-19,37.18,38.08,37.15,37.9,147400,0
2003-11-20,37.65,38.0,37.45,37.68,135500,0
2003-11-21,37.8,37.82,37.24,37.3,454800,0
2003-11-24,37.45,37.97,37.35,37.93,182500,0
2003-11-25,37.92,38.46,37.85,38.46,237300,0
2003-11-26,38.66,38.7,38.22,38.49,167200,0
2003-11-28,38.51,38.61,38.44,38.44,106700,0
2003-12-01,38.45,39.2,38.45,38.8,186700,0
2003-12-02,39.0,39.0,38.54,38.56,79500,0
2003-12-03,38.7,39.2,38.6,39.12,254200,0
2003-12-04,39.05,39.12,38.68,39.06,89900,0
2003-12-05,38.95,39.31,38.83,38.89,94100,0
2003-12-08,38.89,39.39,38.61,39.39,122200,0
2003-12-09,39.39,39.56,38.74,38.75,156500,0
2003-12-10,38.8,38.8,38.16,38.5,98000,0
2003-12-11,38.55,39.69,38.55,39.49,197300,0
2003-12-12,39.53,39.75,39.26,39.63,121700,0
2003-12-15,39.98,40.92,39.64,39.64,337500,0
2003-12-16,39.65,40.0,39.62,39.92,502700,0
2003-12-17,39.9,39.9,39.31,39.59,89500,0
2003-12-18,39.55,39.8,39.22,39.75,223700,0
2003-12-19,39.9,39.9,39.42,39.85,214800,0
2003-12-22,39.75,40.15,39.75,40.05,167500,0
2003-12-23,40.05,40.05,39.88,40.0,88900,0
2003-12-24,39.85,39.94,39.58,39.7,31000,0
2003-12-26,39.7,39.74,39.51,39.57,21800,0
2003-12-29,39.55,40.06,38.75,40.0,121600,0
2003-12-30,40.0,40.1,39.9,40.05,332600,0
2003-12-31,40.05,40.35,39.75,39.75,185100,0
2004-01-02,39.95,40.44,39.7,39.8,121900,0
2004-01-05,40.0,40.48,39.98,40.4,88000,0
2004-01-06,40.31,40.4,39.9,40.22,253700,0
2004-01-07,40.3,41.17,40.25,41.11,171000,0
2004-01-08,41.15,41.5,41.0,41.44,191700,0
2004-01-09,41.4,42.02,41.3,41.55,232800,0
2004-01-12,41.7,42.26,41.44,42.26,437100,0
2004-01-13,42.25,42.7,42.16,42.51,252500,0
2004-01-14,42.54,43.58,42.51,43.56,201500,0
2004-01-15,43.56,43.8,43.13,43.55,288200,0
2004-01-16,43.5,43.55,42.46,42.59,289300,0
2004-01-20,42.65,43.15,42.35,43.15,424900,0
2004-01-21,43.15,43.67,42.54,43.57,277500,0
2004-01-22,43.5,43.7,43.28,43.56,208300,0
2004-01-23,43.81,44.37,43.33,43.43,387000,0
2004-01-26,43.45,43.79,42.95,43.3,186900,0
2004-01-27,43.35,43.62,43.0,43.2,375600,0
2004-01-28,43.75,43.75,42.85,42.95,257600,0
2004-01-29,42.95,43.07,42.4,42.56,212300,0
2004-01-30,42.45,42.45,42.16,42.4,106300,0
2004-02-02,42.35,42.44,41.66,41.74,131800,0
2004-02-03,41.72,42.2,41.46,41.85,150700,0
2004-02-04,41.75,41.75,40.8,40.87,151600,0
2004-02-05,40.97,41.75,40.81,41.48,178300,0
2004-02-06,41.45,41.95,41.4,41.92,211000,0
2004-02-09,42.0,42.27,41.96,42.06,89500,0
2004-02-10,42.06,42.2,41.81,42.05,159900,0
2004-02-11,42.0,42.42,42.0,42.37,230300,0
2004-02-12,42.37,42.65,42.15,42.51,280300,0
2004-02-13,42.36,42.7,42.35,42.51,260100,0
2004-02-17,42.71,42.84,42.45,42.84,298700,0
2004-02-18,42.95,42.95,42.72,42.76,79400,0
2004-02-19,42.81,42.91,42.41,42.45,162800,0
2004-02-20,42.4,42.53,42.02,42.3,182000,0
2004-02-23,42.45,42.49,42.16,42.22,199500,0
2004-02-24,42.12,42.46,42.03,42.17,310900,0
2004-02-25,42.15,42.98,42.15,42.62,183600,0
2004-02-26,42.63,43.0,42.6,43.0,126300,0
2004-02-27,42.14,43.49,42.14,43.41,137900,0
2004-03-01,43.37,43.82,43.36,43.73,108300,0
2004-03-02,43.75,43.77,43.24,43.56,237300,0
2004-03-03,43.5,43.51,42.81,43.21,162200,0
2004-03-04,43.2,43.2,42.75,43.16,142600,0
2004-03-05,42.91,43.61,42.5,43.02,163700,0
2004-03-08,43.27,43.32,42.43,42.43,112600,0
2004-03-09,42.5,42.72,42.21,42.7,204500,0
2004-03-10,42.8,42.94,42.08,42.1,183700,0
2004-03-11,42.1,42.3,41.19,41.19,236900,0
2004-03-12,41.19,41.2,40.55,40.95,650600,0
2004-03-15,40.95,40.95,39.93,40.0,438600,0
2004-03-16,40.05,40.29,39.5,39.86,470700,0
2004-03-17,39.96,40.37,39.85,40.26,439200,0
2004-03-18,40.3,40.47,39.8,40.35,245700,0
2004-03-19,40.35,40.37,39.84,40.02,182800,0
2004-03-22,40.02,40.02,39.2,39.2,250700,0
2004-03-23,40.24,40.24,38.86,39.19,194800,0
2004-03-24,39.19,39.19,38.28,38.54,438100,0
2004-03-25,38.75,39.49,38.7,39.41,454500,0
2004-03-26,39.35,39.8,39.34,39.4,215600,0
2004-03-29,39.45,40.5,39.43,40.5,274400,0
2004-03-30,40.5,40.94,40.46,40.94,125900,0
2004-03-31,40.9,41.3,40.85,41.27,190700,0
2004-04-01,41.2,41.35,40.99,41.13,206800,0
2004-04-02,41.5,42.34,41.5,42.22,141600,0
2004-04-05,42.3,42.73,42.15,42.73,125600,0
2004-04-06,42.73,42.79,42.22,42.38,168400,0
2004-04-07,42.35,42.88,41.8,42.23,157000,0
2004-04-08,42.43,42.58,42.0,42.13,64600,0
2004-04-12,42.38,42.79,42.15,42.34,88400,0
2004-04-13,42.45,42.54,41.72,41.75,182000,0
2004-04-14,41.75,42.23,41.15,41.37,169600,0
2004-04-15,41.5,42.02,41.3,41.6,206500,0
2004-04-16,42.05,43.7,41.88,42.95,206300,0
2004-04-19,45.85,46.2,44.79,45.7,715300,0
2004-04-20,45.7,46.18,44.9,44.92,323600,0
2004-04-21,45.0,45.71,44.76,45.71,312100,0
2004-04-22,45.74,46.14,45.5,45.75,296900,0
2004-04-23,45.35,46.09,45.1,45.5,191300,0
2004-04-26,45.35,45.5,43.9,44.5,312700,0
2004-04-27,44.55,46.12,44.52,45.3,176700,0
2004-04-28,45.05,45.05,44.34,44.48,161800,0
2004-04-29,44.73,45.15,43.4,43.85,154100,0
2004-04-30,44.05,44.14,42.98,43.16,247800,0
2004-05-03,43.2,43.44,43.0,43.36,223800,0
2004-05-04,43.66,44.96,43.54,44.46,276900,0
2004-05-05,44.4,44.62,44.11,44.25,184600,0
2004-05-06,44.15,44.25,43.45,43.75,200000,0
2004-05-07,43.6,43.74,41.9,42.07,231500,0
2004-05-10,42.02,42.15,40.84,41.83,306600,0
2004-05-11,41.95,42.41,41.8,42.26,190800,0
2004-05-12,42.2,42.6,41.49,42.4,246300,0
2004-05-13,42.4,42.49,41.89,42.12,100200,0
2004-05-14,41.87,42.48,41.79,42.25,140500,0
2004-05-17,42.05,42.05,40.65,41.35,221600,0
2004-05-18,41.15,41.16,40.48,40.88,331000,0
2004-05-19,41.38,41.96,40.59,40.67,183800,0
2004-05-20,40.67,40.89,40.24,40.74,197900,0
2004-05-21,40.74,41.0,40.35,40.76,198700,0
2004-05-24,40.96,41.7,40.9,41.57,128900,0
2004-05-25,41.45,42.63,41.34,42.38,182500,0
2004-05-26,42.35,42.6,42.0,42.16,139000,0
2004-05-27,42.31,43.0,42.31,42.79,176000,0
2004-05-28,42.6,42.75,42.43,42.6,262900,0
2004-06-01,42.61,43.21,42.5,43.07,162800,0
2004-06-02,43.08,44.07,42.8,43.76,275400,0
2004-06-03,43.65,43.81,42.94,43.0,151400,0
2004-06-04,43.5,43.66,42.93,43.37,135900,0
2004-06-07,43.5,44.0,43.45,43.98,110000,0
2004-06-08,43.83,44.64,43.79,44.58,121900,0
2004-06-09,44.5,44.59,43.9,44.16,133500,0
2004-06-10,44.2,44.46,43.98,44.06,152300,0
2004-06-14,43.96,44.03,43.09,43.2,114300,0
2004-06-15,43.35,44.63,43.35,44.4,226000,0
2004-06-16,44.25,44.25,43.75,44.0,96400,0
2004-06-17,44.0,44.16,43.47,43.86,83400,0
2004-06-18,43.9,44.9,43.9,44.63,117800,0
2004-06-21,44.65,44.84,44.2,44.5,397300,0
2004-06-22,44.35,44.55,43.68,44.48,113100,0
2004-06-23,44.65,45.22,44.3,45.22,104400,0
2004-06-24,45.5,45.76,45.3,45.35,154200,0
2004-06-25,45.35,45.75,44.84,45.25,182200,0
2004-06-28,45.3,45.85,45.17,45.61,106100,0
2004-06-29,45.6,45.78,45.21,45.75,250100,0
2004-06-30,45.75,45.89,45.46,45.8,312800,0
2004-07-01,45.8,45.92,44.68,44.79,177300,0
2004-07-02,44.8,44.85,44.27,44.7,230700,0
2004-07-06,44.6,44.6,44.0,44.03,163500,0
2004-07-07,44.04,44.32,43.61,43.73,178600,0
2004-07-08,43.5,43.5,42.3,42.36,441600,0
2004-07-09,42.36,42.8,42.26,42.5,240200,0
2004-07-12,42.5,42.55,42.05,42.4,163300,0
2004-07-13,42.4,42.73,42.38,42.48,226000,0
2004-07-14,42.23,42.5,41.98,42.08,189300,0
2004-07-15,41.9,42.6,41.9,42.51,230400,0
2004-07-16,42.51,42.6,42.0,42.0,149200,0
2004-07-19,42.15,42.38,41.8,42.2,121400,0
2004-07-20,42.2,42.5,42.03,42.5,163700,0
2004-07-21,42.5,42.75,41.35,41.41,156500,0
2004-07-22,41.4,41.76,40.7,41.66,190100,0
2004-07-23,41.72,41.88,40.73,40.79,173600,0
2004-07-26,40.79,41.37,40.58,40.82,129800,0
2004-07-27,40.82,42.11,40.68,42.11,177700,0
2004-07-28,42.01,43.16,41.55,43.01,421200,0
2004-07-29,43.01,43.41,42.39,43.38,221500,0
2004-07-30,43.35,44.0,43.24,44.0,234800,0
2004-08-02,43.85,44.21,43.0,44.0,116500,0
2004-08-03,43.98,43.98,42.75,42.79,167500,0
2004-08-04,42.79,43.59,42.19,43.18,183600,0
2004-08-05,43.0,43.11,41.85,41.85,103200,0
2004-08-06,41.48,41.58,40.77,40.83,225700,0
2004-08-09,41.0,41.2,40.44,40.85,221200,0
2004-08-10,40.97,42.27,40.97,41.85,232900,0
2004-08-11,41.7,41.7,40.88,41.19,256600,0
2004-08-12,40.99,41.08,40.45,40.54,127000,0
2004-08-13,40.74,41.17,40.38,40.54,131200,0
2004-08-16,40.74,42.15,40.74,41.7,142000,0
2004-08-17,41.83,42.29,41.53,41.92,166700,0
2004-08-18,41.85,42.31,41.81,42.3,196100,0
2004-08-19,42.1,42.19,41.07,41.16,144900,0
2004-08-20,40.91,41.26,40.76,41.21,403400,0
2004-08-23,41.69,41.69,40.93,41.43,260300,0
2004-08-24,41.54,41.85,41.44,41.56,217500,0
2004-08-25,41.56,41.79,41.16,41.6,184700,0
2004-08-26,41.58,41.7,41.04,41.05,152600,0
2004-08-27,41.1,41.37,41.03,41.24,231300,0
2004-08-30,41.14,41.21,40.8,40.97,160600,0
2004-08-31,40.87,41.46,40.34,40.89,134600,0
2004-09-01,40.95,41.08,40.5,40.9,240500,0
2004-09-02,40.93,41.13,40.57,40.93,236600,0
2004-09-03,40.98,41.06,40.57,40.77,217100,0
2004-09-07,40.77,41.85,40.77,41.73,179500,0
2004-09-08,41.73,42.35,41.73,42.2,232200,0
2004-09-09,42.3,42.74,42.1,42.61,218200,0
2004-09-10,42.55,42.77,42.13,42.63,130900,0
2004-09-13,42.75,43.19,42.75,43.05,216500,0
2004-09-14,43.0,43.4,42.92,43.2,221300,0
2004-09-15,43.3,43.59,42.93,43.31,190700,0
2004-09-16,43.96,44.58,43.52,44.38,325000,0
2004-09-17,44.63,44.72,44.07,44.25,287400,0
2004-09-20,44.15,44.16,43.73,43.86,194000,0
2004-09-21,43.86,44.71,43.86,44.65,209200,0
2004-09-22,44.65,44.65,44.11,44.32,223900,0
2004-09-23,44.32,44.54,43.94,44.22,173700,0
2004-09-24,44.32,44.65,44.04,44.1,133300,0
2004-09-27,44.25,44.29,43.74,44.0,273700,0
2004-09-28,44.0,44.41,43.77,44.35,145300,0
2004-09-29,44.45,45.18,44.22,44.96,178400,0
2004-09-30,44.9,45.48,44.85,45.15,121400,0
2004-10-01,45.1,46.3,45.09,46.3,229200,0
2004-10-04,46.45,46.75,45.76,46.13,151400,0
2004-10-05,46.0,46.18,45.14,45.18,151000,0
2004-10-06,45.19,46.18,44.92,46.18,125500,0
2004-10-07,45.98,46.35,45.69,45.7,121400,0
2004-10-08,45.55,45.95,45.18,45.29,103000,0
2004-10-11,45.29,45.32,44.95,45.32,117300,0
2004-10-12,45.17,45.45,44.86,45.27,119800,0
2004-10-13,45.43,45.69,44.83,44.95,217800,0
2004-10-14,45.1,45.1,44.43,44.5,191600,0
2004-10-15,44.5,45.84,44.46,45.55,136800,0
2004-10-18,45.5,45.97,44.86,45.94,259700,0
2004-10-19,46.14,46.83,45.8,45.82,346300,0
2004-10-20,45.7,46.04,44.94,45.3,281100,0
2004-10-21,45.4,45.54,44.6,45.33,201400,0
2004-10-22,45.2,45.51,44.71,44.75,143000,0
2004-10-25,44.5,45.25,44.32,45.19,147800,0
2004-10-26,45.39,46.4,44.55,46.3,161500,0
2004-10-27,46.9,47.33,46.19,47.15,453100,0
2004-10-28,47.15,47.15,46.33,46.71,149100,0
2004-10-29,46.61,47.0,46.37,46.53,191900,0
2004-11-01,46.33,47.28,46.11,47.09,273100,0
2004-11-02,47.24,47.95,47.03,47.78,188800,0
2004-11-03,47.78,48.29,46.9,47.52,289900,0
2004-11-04,47.3,48.23,47.24,48.23,224700,0
2004-11-05,48.3,48.61,47.7,48.6,534800,0
2004-11-08,48.4,49.22,48.26,49.21,253700,0
2004-11-09,49.35,50.11,49.15,50.08,323200,0
2004-11-10,50.0,50.95,49.71,50.61,327000,0
2004-11-11,50.66,51.47,50.61,51.39,285500,0
2004-11-12,51.39,51.39,50.41,51.0,177900,0
2004-11-15,51.05,51.05,49.77,50.09,290100,0
2004-11-16,50.15,50.21,49.69,50.0,201500,0
2004-11-17,50.05,50.59,49.89,50.0,284400,0
2004-11-18,49.85,50.41,49.71,50.31,209000,0
2004-11-19,50.31,50.31,49.25,49.27,185200,0
2004-11-22,49.25,49.5,48.99,49.41,222300,0
2004-11-23,49.6,50.7,49.15,50.7,288100,0
2004-11-24,50.62,51.18,50.55,50.89,90900,0
2004-11-26,50.88,51.16,50.72,50.73,22000,0
2004-11-29,50.98,51.95,50.18,51.54,245300,0
2004-11-30,51.42,51.42,50.69,51.3,195900,0
2004-12-01,51.45,52.71,51.34,52.58,281400,0
2004-12-02,52.48,52.62,51.65,52.0,275900,0
2004-12-03,51.95,52.14,51.44,51.5,172100,0
2004-12-06,51.55,51.55,50.15,50.26,324300,0
2004-12-07,50.45,50.87,49.99,49.99,325800,0
2004-12-08,50.05,50.54,49.74,50.37,237300,0
2004-12-09,50.01,50.37,49.69,49.98,260400,0
2004-12-10,49.92,50.02,49.42,49.67,171000,0
2004-12-13,50.0,50.01,49.42,49.68,216800,0
2004-12-14,49.55,50.08,49.47,50.05,332000,0
2004-12-15,49.87,50.21,49.87,50.12,170400,0
2004-12-16,49.95,50.47,49.95,50.02,311600,0
2004-12-17,50.0,50.24,50.0,50.14,426500,0
2004-12-20,50.13,50.41,49.85,50.1,360800,0
2004-12-21,50.25,50.44,49.9,50.36,207500,0
2004-12-22,50.46,50.85,50.42,50.46,104900,0
2004-12-23,50.56,50.8,50.35,50.8,101000,0
2004-12-27,50.95,50.95,50.14,50.16,125900,0
2004-12-28,50.25,50.54,50.07,50.54,297200,0
2004-12-29,50.53,50.55,50.2,50.42,140700,0
2004-12-30,50.62,50.62,50.13,50.32,76900,0
2004-12-31,50.18,50.27,49.64,49.77,146500,0
2005-01-03,50.0,50.35,49.01,49.6,254000,0
2005-01-04,49.54,49.64,48.67,48.8,211100,0
2005-01-05,48.9,49.33,48.3,48.48,333100,0
2005-01-06,48.48,48.81,48.26,48.33,262900,0
2005-01-07,48.45,48.69,47.75,47.91,287500,0
2005-01-10,47.7,48.8,47.7,48.36,326300,0
2005-01-11,48.11,48.27,47.55,47.66,217400,0
2005-01-12,47.66,47.69,46.88,47.09,482800,0
2005-01-13,47.15,47.6,46.85,47.15,465200,0
2005-01-14,50.95,50.95,48.45,48.8,1776500,0
2005-01-18,48.8,49.95,48.59,48.93,965000,0
2005-01-19,48.95,49.47,48.53,48.75,543100,0
2005-01-20,48.75,48.99,48.43,48.49,397100,0
2005-01-21,48.4,48.8,48.24,48.3,235900,0
2005-01-24,48.8,48.99,48.5,48.58,431900,0
2005-01-25,48.95,49.42,48.82,48.93,482800,0
2005-01-26,47.05,47.92,45.7,47.5,1630800,0
2005-01-27,47.37,47.7,46.73,47.24,541600,0
2005-01-28,47.4,47.68,47.11,47.53,232600,0
2005-01-31,47.75,49.04,47.75,48.94,510500,0
2005-02-01,48.75,49.2,48.75,48.99,449400,0
2005-02-02,49.0,50.15,48.96,49.18,774600,0
2005-02-03,49.18,50.01,48.88,49.99,695500,0
2005-02-04,49.82,50.0,49.64,50.0,524800,0
2005-02-07,50.2,50.4,49.66,49.8,248500,0
2005-02-08,50.0,50.19,49.48,49.69,321800,0
2005-02-09,49.8,49.81,48.76,48.84,191100,0
2005-02-10,48.84,49.43,48.73,48.74,412100,0
2005-02-11,48.55,49.19,48.2,49.0,412200,0
2005-02-14,49.0,49.18,48.63,49.18,470500,0
2005-02-15,49.15,49.2,48.85,48.94,288500,0
2005-02-16,48.95,48.95,48.4,48.76,239200,0
2005-02-17,48.9,49.15,48.54,48.85,376800,0
2005-02-18,49.0,49.06,48.5,48.9,179300,0
2005-02-22,48.91,49.15,48.27,48.36,295900,0
2005-02-23,48.35,48.7,47.92,47.94,251800,0
2005-02-24,48.0,48.73,47.8,48.63,210600,0
2005-02-25,48.8,49.05,48.64,49.05,237800,0
2005-02-28,49.07,49.47,48.71,49.08,304700,0
2005-03-01,49.3,49.99,49.3,49.9,291600,0
2005-03-02,49.95,50.0,49.45,49.63,273300,0
2005-03-03,49.73,49.91,49.07,49.41,423900,0
2005-03-04,49.65,49.95,49.42,49.74,354800,0
2005-03-07,49.66,50.43,49.6,49.78,358100,0
2005-03-08,49.53,49.65,48.97,48.98,243400,0
2005-03-09,49.05,49.18,48.54,48.55,290400,0
2005-03-10,48.6,49.2,48.34,48.64,182700,0
2005-03-11,48.85,49.39,48.75,49.34,219100,0
2005-03-14,49.4,49.8,49.3,49.45,213500,0
2005-03-15,49.5,50.1,49.5,49.8,535400,0
2005-03-16,49.65,49.86,49.29,49.48,364900,0
2005-03-17,49.48,49.61,49.28,49.37,378400,0
2005-03-18,49.38,49.44,48.8,48.91,300200,0
2005-03-21,48.91,49.03,48.55,48.86,98600,0
2005-03-22,48.98,49.54,48.62,48.62,244500,0
2005-03-23,48.55,48.64,48.2,48.32,185500,0
2005-03-24,48.36,49.04,48.33,48.5,192800,0
2005-03-28,48.47,48.95,47.77,47.8,452800,0
2005-03-29,47.75,47.8,46.51,46.7,298900,0
2005-03-30,46.75,47.57,46.75,47.24,365300,0
2005-03-31,47.25,47.91,47.16,47.49,357500,0
2005-04-01,47.8,47.99,47.18,47.46,188800,0
2005-04-04,47.3,47.48,46.94,47.29,140800,0
2005-04-05,47.5,48.05,47.37,47.65,408700,0
2005-04-06,47.64,47.75,46.68,46.96,277200,0
2005-04-07,46.9,46.9,46.27,46.32,375100,0
2005-04-08,46.45,46.5,45.73,45.96,551300,0
2005-04-11,45.95,46.0,44.63,44.73,487700,0
2005-04-12,44.2,46.03,44.2,45.79,495100,0
2005-04-13,45.65,45.98,45.15,45.15,554900,0
2005-04-14,45.2,45.54,44.63,45.35,825500,0
2005-04-15,45.31,45.37,43.89,44.04,694900,0
2005-04-18,44.99,44.99,43.13,43.51,544300,0
2005-04-19,44.5,46.32,44.0,46.03,1656400,0
2005-04-20,46.13,46.43,45.61,45.63,585500,0
2005-04-21,46.13,47.71,45.88,47.25,651500,0
2005-04-22,47.05,47.08,46.12,46.74,335000,0
2005-04-25,46.74,47.06,46.46,46.75,430800,0
2005-04-26,46.75,47.14,45.65,45.65,340700,0
2005-04-27,45.2,45.2,44.3,44.66,913500,0
2005-04-28,44.91,44.91,44.29,44.62,482800,0
2005-04-29,44.85,45.48,44.53,45.3,443600,0
2005-05-02,45.47,45.62,44.72,45.0,311500,0
2005-05-03,45.0,45.2,44.67,44.94,408300,0
2005-05-04,45.1,46.8,45.0,46.48,490900,0
2005-05-05,46.25,46.26,45.22,45.44,261200,0
2005-05-06,45.6,45.86,45.26,45.7,408500,0
2005-05-09,45.65,45.65,45.11,45.3,286000,0
2005-05-10,45.05,45.05,44.23,44.49,438200,0
2005-05-11,44.49,44.55,43.46,44.4,630200,0
2005-05-12,44.4,44.87,43.71,43.77,377400,0
2005-05-13,43.75,43.88,42.61,42.97,460400,0
2005-05-16,42.82,43.76,42.79,43.76,390000,0
2005-05-17,43.61,44.42,43.1,44.42,335900,0
2005-05-18,44.55,45.0,44.03,44.83,374000,0
2005-05-19,44.69,44.99,44.43,44.83,210200,0
2005-05-20,44.86,45.07,44.15,44.91,338700,0
2005-05-23,44.8,45.41,44.77,45.15,162900,0
2005-05-24,45.0,45.12,44.54,44.71,244300,0
2005-05-25,44.5,44.5,43.7,44.01,264700,0
2005-05-26,44.05,44.35,43.88,44.13,229300,0
2005-05-27,44.12,44.44,43.84,44.27,215000,0
2005-05-31,44.22,44.22,43.7,44.0,233200,0
2005-06-01,43.85,44.86,43.59,44.6,410500,0
2005-06-02,44.3,45.0,43.89,44.59,316500,0
2005-06-03,44.5,44.63,43.95,44.12,303600,0
2005-06-06,44.2,44.2,43.68,43.9,227200,0
2005-06-07,43.98,44.65,43.94,44.06,274800,0
2005-06-08,43.99,44.34,43.76,43.81,219000,0
2005-06-09,43.87,43.99,43.36,43.75,340200,0
2005-06-10,43.65,43.86,43.18,43.63,385600,0
2005-06-13,43.5,43.86,43.07,43.86,356000,0
2005-06-14,43.7,44.5,43.55,44.48,281700,0
2005-06-15,44.35,44.85,44.26,44.8,278500,0
2005-06-16,45.0,45.16,44.7,45.11,254500,0
2005-06-17,45.25,45.72,45.02,45.4,445100,0
2005-06-20,45.3,45.59,45.24,45.5,238600,0
2005-06-21,45.3,45.63,45.3,45.5,291700,0
2005-06-22,45.6,45.85,45.45,45.69,408300,0
2005-06-23,45.75,45.85,45.4,45.41,538000,0
2005-06-24,45.4,45.44,45.07,45.44,513400,0
2005-06-27,45.2,45.47,45.0,45.08,272700,0
2005-06-28,45.25,46.14,45.25,46.14,213300,0
2005-06-29,46.24,46.24,45.31,45.53,204300,0
2005-06-30,45.65,46.39,45.53,45.85,271300,0
2005-07-01,45.85,46.11,45.46,45.91,217600,0
2005-07-05,45.71,46.49,45.37,46.28,327800,0
2005-07-06,46.1,46.27,45.8,45.82,199800,0
2005-07-07,45.2,46.21,45.1,46.11,169400,0
2005-07-08,46.09,47.11,45.92,46.94,310400,0
2005-07-11,46.94,48.76,46.7,48.58,846000,0
2005-07-12,48.2,48.5,47.72,48.15,260300,0
2005-07-13,48.09,48.34,47.96,48.05,248800,0
2005-07-14,48.3,48.55,47.73,47.98,147500,0
2005-07-15,47.93,48.0,47.39,48.0,232900,0
2005-07-18,47.85,48.03,47.5,47.51,333800,0
2005-07-19,47.59,48.6,47.58,48.5,231100,0
2005-07-20,48.25,49.55,48.25,49.51,187500,0
2005-07-21,49.4,50.45,49.1,49.76,600500,0
2005-07-22,49.9,51.39,49.82,51.38,419500,0
2005-07-25,51.2,51.42,49.7,50.15,354800,0
2005-07-26,50.0,50.13,49.19,49.33,396700,0
2005-07-27,46.25,48.3,45.6,47.85,1265600,0
2005-07-28,47.69,47.81,46.95,47.7,518400,0
2005-07-29,47.5,47.7,46.87,47.53,468700,0
2005-08-01,47.6,47.82,46.9,47.0,574500,0
2005-08-02,47.0,47.34,46.8,47.34,407900,0
2005-08-03,47.3,47.35,46.65,46.87,358400,0
2005-08-04,46.87,47.25,46.53,46.93,273500,0
2005-08-05,46.82,46.97,46.1,46.25,320500,0
2005-08-08,46.5,46.67,46.14,46.32,166300,0
2005-08-09,46.34,46.76,46.04,46.4,324600,0
2005-08-10,46.81,47.18,45.83,46.16,343800,0
2005-08-11,46.16,46.64,45.94,46.47,231300,0
2005-08-12,46.48,46.48,45.52,46.04,229500,0
2005-08-15,46.06,46.6,45.61,46.0,262100,0
2005-08-16,45.76,45.79,45.31,45.46,227500,0
2005-08-17,45.5,45.93,45.04,45.7,228200,0
2005-08-18,45.55,45.78,45.17,45.26,252300,0
2005-08-19,45.27,45.48,45.09,45.33,266600,0
2005-08-22,46.13,46.13,45.09,45.55,170700,0
2005-08-23,45.5,45.61,44.9,45.02,199500,0
2005-08-24,45.02,45.4,44.91,44.99,166600,0
2005-08-25,45.04,45.49,44.97,45.3,134000,0
2005-08-26,45.38,45.5,44.8,45.02,184700,0
2005-08-29,44.85,45.4,44.65,45.31,105600,0
2005-08-30,45.31,45.44,44.7,45.4,170700,0
2005-08-31,45.4,46.64,45.4,46.64,289600,0
2005-09-01,46.64,47.33,46.55,46.97,172100,0
2005-09-02,47.5,47.5,46.88,47.07,158700,0
2005-09-06,47.75,48.14,47.58,48.14,221400,0
2005-09-07,49.0,49.0,47.93,48.4,222700,0
2005-09-08,48.37,48.37,47.63,48.0,292500,0
2005-09-09,47.95,48.59,47.83,48.52,293600,0
2005-09-12,48.4,48.83,48.21,48.8,401700,0
2005-09-13,48.65,48.76,47.88,48.36,258300,0
2005-09-14,48.26,48.55,47.5,47.78,321100,0
2005-09-15,47.98,48.15,46.92,47.61,517500,0
2005-09-16,47.85,48.9,47.85,48.57,451700,0
2005-09-19,48.32,48.32,47.37,47.88,237700,0
2005-09-20,47.98,48.32,47.19,47.19,218300,0
2005-09-21,47.19,47.39,46.36,47.14,329400,0
2005-09-22,47.12,47.81,46.4,47.76,259100,0
2005-09-23,47.76,47.96,47.32,47.76,216700,0
2005-09-26,47.78,47.96,47.16,47.61,206400,0
2005-09-27,47.67,48.45,47.17,48.1,205000,0
2005-09-28,48.1,48.1,47.39,47.49,252200,0
2005-09-29,47.5,48.63,47.11,48.63,230700,0
2005-09-30,48.63,49.04,48.35,49.04,324500,0
2005-10-03,48.94,49.32,48.8,49.3,245600,0
2005-10-04,49.3,49.7,48.46,48.51,210200,0
2005-10-05,48.52,48.52,47.17,47.17,298100,0
2005-10-06,47.24,47.85,46.82,47.32,256700,0
2005-10-07,47.5,47.92,47.22,47.58,162100,0
2005-10-10,47.7,47.96,46.95,47.19,245300,0
2005-10-11,47.27,47.81,46.49,46.49,224800,0
2005-10-12,46.39,47.25,46.34,46.47,251500,0
2005-10-13,46.3,47.63,46.2,47.6,286800,0
2005-10-14,47.82,47.96,47.21,47.96,256200,0
2005-10-17,47.96,47.96,47.2,47.58,206100,0
2005-10-18,49.5,51.35,49.01,50.88,1042300,0
2005-10-19,50.4,51.3,50.2,51.0,560200,0
2005-10-20,50.8,51.55,50.32,50.93,433600,0
2005-10-21,50.93,51.01,50.19,50.26,282300,0
2005-10-24,50.21,50.97,50.07,50.87,327600,0
2005-10-25,50.87,50.93,49.05,50.02,484900,0
2005-10-26,49.7,50.93,49.4,50.15,438700,0
2005-10-27,49.6,50.59,49.56,50.51,392100,0
2005-10-28,50.3,50.84,50.1,50.81,480900,0
2005-10-31,50.61,51.45,50.61,51.11,317600,0
2005-11-01,51.1,51.46,50.6,51.24,256100,0
2005-11-02,51.24,53.65,51.24,53.55,539200,0
2005-11-03,53.53,53.89,53.06,53.39,423500,0
2005-11-04,53.13,53.66,52.58,53.06,322100,0
2005-11-07,52.87,53.39,52.29,53.28,291900,0
2005-11-08,53.25,53.7,52.8,53.34,297700,0
2005-11-09,53.3,53.74,52.8,53.5,226200,0
2005-11-10,52.55,54.32,52.51,54.02,230100,0
2005-11-11,53.76,54.25,53.57,54.16,107400,0
2005-11-14,53.91,54.05,53.42,54.05,153200,0
2005-11-15,54.0,54.0,52.93,53.78,283500,0
2005-11-16,53.88,54.0,53.05,53.59,181400,0
2005-11-17,53.79,54.29,53.74,54.12,370300,0
2005-11-18,54.4,54.79,53.99,54.46,147100,0
2005-11-21,54.16,55.33,53.7,55.29,218100,0
2005-11-22,55.0,55.49,54.5,55.36,218700,0
2005-11-23,55.15,55.62,55.03,55.4,189200,0
2005-11-25,55.35,55.4,55.11,55.21,64400,0
2005-11-28,55.31,55.31,54.28,54.28,346300,0
2005-11-29,54.48,54.79,53.99,54.37,189600,0
2005-11-30,54.45,55.0,54.2,54.79,234900,0
2005-12-01,54.95,55.49,54.95,55.36,357000,0
2005-12-02,55.2,55.2,54.3,54.75,287300,0
2005-12-05,54.43,54.57,53.93,54.3,211900,0
2005-12-06,54.38,54.39,53.8,53.96,251300,0
2005-12-07,51.8,52.6,51.47,52.36,817900,0
2005-12-08,52.36,52.51,51.2,51.77,603000,0
2005-12-09,51.76,52.35,51.61,52.33,211200,0
2005-12-12,52.42,52.47,51.51,51.56,276900,0
2005-12-13,51.56,52.04,51.17,51.82,312200,0
2005-12-14,51.82,53.1,51.78,52.52,266200,0
2005-12-15,52.65,52.84,51.67,51.78,276400,0
2005-12-16,51.85,52.89,51.84,52.17,351100,0
2005-12-19,52.6,52.6,50.7,50.81,374100,0
2005-12-20,50.6,51.31,50.53,51.1,279700,0
2005-12-21,51.3,51.95,51.08,51.57,258000,0
2005-12-22,51.54,52.6,51.54,52.6,523100,0
2005-12-23,52.55,52.9,52.33,52.39,108300,0
2005-12-27,52.5,52.77,51.73,51.78,159000,0
2005-12-28,51.7,52.13,51.2,51.78,183400,0
2005-12-29,51.7,52.2,51.2,51.7,179300,0
2005-12-30,51.3,51.3,50.72,51.04,259300,0
2006-01-03,51.29,52.44,50.3,52.34,332200,0
2006-01-04,54.75,55.17,53.77,54.81,707700,0
2006-01-05,54.8,55.39,54.5,54.9,453300,0
2006-01-06,55.15,55.71,54.9,55.39,348700,0
2006-01-09,55.35,56.3,55.35,56.2,310300,0
2006-01-10,56.05,59.0,56.0,58.43,655600,0
2006-01-11,58.43,58.53,57.23,58.03,317300,0
2006-01-12,57.9,58.24,57.67,58.05,360100,0
2006-01-13,58.0,58.3,57.96,58.21,205400,0
2006-01-17,58.0,58.34,57.68,58.31,270900,0
2006-01-18,58.1,58.25,57.76,58.03,292000,0
2006-01-19,58.05,59.1,57.82,58.67,268200,0
2006-01-20,58.75,58.75,57.65,57.9,269400,0
2006-01-23,57.85,58.55,57.85,58.51,179500,0
2006-01-24,58.5,59.49,58.45,59.49,170100,0
2006-01-25,59.59,59.59,57.85,58.5,445900,0
2006-01-26,59.35,60.11,58.8,60.1,266400,0
2006-01-27,58.0,59.28,57.75,58.75,569800,0
2006-01-30,58.6,59.15,58.35,59.02,325800,0
2006-01-31,58.7,58.86,58.25,58.5,290300,0
2006-02-01,58.25,58.94,57.85,58.82,347000,0
2006-02-02,58.8,58.8,58.03,58.13,309200,0
2006-02-03,57.61,58.15,57.0,58.0,239800,0
2006-02-06,57.9,58.44,57.78,58.23,244500,0
2006-02-07,58.2,58.5,57.08,57.23,340300,0
2006-02-08,57.23,58.08,56.25,58.05,252300,0
2006-02-09,57.95,59.44,57.79,58.87,289400,0
2006-02-10,58.97,58.97,57.73,58.78,184700,0
2006-02-13,58.53,58.61,57.88,58.13,167700,0
2006-02-14,58.25,59.4,57.6,58.69,239700,0
2006-02-15,58.69,59.44,58.1,59.06,180500,0
2006-02-16,59.2,60.0,59.16,59.45,263000,0
2006-02-17,59.5,59.54,58.66,59.13,272000,0
2006-02-21,58.96,59.04,58.34,58.56,168200,0
2006-02-22,58.43,59.87,58.43,59.46,172800,0
2006-02-23,59.25,59.25,58.25,58.47,227300,0
2006-02-24,58.34,59.43,57.96,59.35,171000,0
2006-02-27,59.35,59.99,59.14,59.31,132400,0
2006-02-28,59.2,59.2,58.25,58.48,238400,0
2006-03-01,58.48,59.8,58.2,59.72,177300,0
2006-03-02,59.7,61.45,59.67,61.29,454700,0
2006-03-03,60.92,61.55,60.72,61.05,259200,0
2006-03-06,60.9,60.9,59.62,60.55,371700,0
2006-03-07,60.3,60.3,58.83,59.15,214900,0
2006-03-08,58.95,59.0,57.73,58.19,245000,0
2006-03-09,58.35,58.53,57.66,57.94,176600,0
2006-03-10,57.95,58.94,57.02,58.74,151000,0
2006-03-13,59.0,59.61,58.41,58.51,158800,0
2006-03-14,58.29,59.54,58.11,59.33,160800,0
2006-03-15,59.3,60.89,59.05,60.79,326200,0
2006-03-16,61.1,61.62,60.74,61.37,241600,0
2006-03-17,61.75,61.81,60.28,60.69,573800,0
2006-03-20,60.9,60.9,60.05,60.5,371900,0
2006-03-21,60.4,60.5,59.44,59.81,235900,0
2006-03-22,59.65,60.81,59.6,60.73,250200,0
2006-03-23,60.65,60.94,59.95,60.58,189900,0
2006-03-24,60.42,61.16,60.02,60.41,297800,0
2006-03-27,60.16,60.49,59.79,60.29,304500,0
2006-03-28,60.29,61.64,60.23,61.16,255300,0
2006-03-29,61.0,62.07,60.93,61.91,336400,0
2006-03-30,61.91,62.1,61.07,61.73,196500,0
2006-03-31,61.9,61.97,60.4,61.14,249500,0
2006-04-03,61.17,61.99,60.55,60.89,214300,0
2006-04-04,60.81,61.69,60.13,61.05,188900,0
2006-04-05,60.99,61.55,60.14,61.55,208600,0
2006-04-06,61.5,61.55,60.39,61.25,182500,0
2006-04-07,61.84,62.3,60.6,61.08,253500,0
2006-04-10,61.3,61.62,60.25,60.54,153900,0
2006-04-11,60.79,61.11,59.1,59.39,177000,0
2006-04-12,59.38,60.41,59.37,60.2,122300,0
2006-04-13,59.95,60.59,59.66,60.01,103200,0
2006-04-17,59.9,60.99,59.42,60.07,171900,0
2006-04-18,60.32,63.1,60.32,62.82,302400,0
2006-04-19,62.46,63.64,61.86,63.12,272900,0
2006-04-20,63.3,64.55,62.68,64.18,398500,0
2006-04-21,65.42,65.42,62.95,63.54,340600,0
2006-04-24,63.54,63.61,62.4,62.71,221700,0
2006-04-25,62.95,63.0,61.54,62.63,313700,0
2006-04-26,62.88,62.98,60.43,61.75,713800,0
2006-04-27,61.5,62.41,60.75,61.96,325100,0
2006-04-28,61.8,62.49,61.57,61.85,316500,0
2006-05-01,61.84,62.03,61.52,61.92,491300,0
2006-05-02,61.97,63.0,61.61,62.99,277300,0
2006-05-03,63.0,63.5,61.93,62.31,254800,0
2006-05-04,62.5,63.45,62.49,63.16,152200,0
2006-05-05,63.25,64.72,63.25,64.45,222900,0
2006-05-08,65.0,67.05,64.86,67.03,731300,0
2006-05-09,67.0,67.1,66.03,66.93,450700,0
2006-05-10,66.41,67.32,66.41,66.86,323500,0
2006-05-11,66.9,67.38,65.83,66.36,419900,0
2006-05-12,65.3,65.31,63.68,63.91,930400,0
2006-05-15,63.7,63.86,62.16,63.13,365700,0
2006-05-16,63.05,63.68,62.55,63.14,296600,0
2006-05-17,62.46,62.57,60.82,61.0,497300,0
2006-05-18,61.33,61.69,59.6,59.66,347300,0
2006-05-19,59.69,59.78,58.31,59.5,641500,0
2006-05-22,58.82,59.3,57.27,58.42,700500,0
2006-05-23,58.83,60.68,58.8,60.06,545000,0
2006-05-24,59.95,61.15,58.82,60.7,555100,0
2006-05-25,61.1,61.18,60.05,61.1,230700,0
2006-05-26,61.45,61.49,60.71,61.37,242300,0
2006-05-30,61.25,61.25,59.6,59.61,247000,0
2006-05-31,59.85,60.93,59.3,59.8,455600,0
2006-06-01,59.8,61.49,59.55,61.4,289000,0
2006-06-02,61.75,61.96,60.74,61.37,173000,0
2006-06-05,61.52,61.65,58.8,58.99,288400,0
2006-06-06,59.15,59.21,57.35,58.11,413900,0
2006-06-07,58.11,58.77,57.25,57.48,348200,0
2006-06-08,57.49,57.55,55.06,56.78,503300,0
2006-06-09,56.98,57.4,56.09,56.31,399100,0
2006-06-12,55.6,56.15,54.1,54.1,470600,0
2006-06-13,54.1,55.0,53.53,53.56,562000,0
2006-06-14,53.57,54.83,53.55,54.68,497400,0
2006-06-15,54.93,57.23,54.87,57.23,504300,0
2006-06-16,57.23,57.24,56.07,56.62,893000,0
2006-06-19,56.62,57.26,55.86,56.48,714100,0
2006-06-20,56.42,56.98,55.74,56.32,471500,0
2006-06-21,56.15,57.9,56.1,57.48,332000,0
2006-06-22,57.23,57.3,56.38,57.3,491100,0
2006-06-23,56.95,58.36,56.65,57.73,367900,0
2006-06-26,57.98,58.72,57.82,58.64,352700,0
2006-06-27,58.89,59.16,57.53,58.26,671200,0
2006-06-28,58.26,58.33,57.45,57.91,399800,0
2006-06-29,58.15,60.42,58.12,60.42,379000,0
2006-06-30,60.6,62.25,59.94,62.25,1950000,0
2006-07-03,62.25,62.5,61.2,61.67,502000,0
2006-07-05,61.47,61.5,60.4,61.2,385700,0
2006-07-06,61.1,62.3,61.1,61.75,411900,0
2006-07-07,61.7,61.86,60.88,60.95,417800,0
2006-07-10,61.14,61.79,61.1,61.36,282500,0
2006-07-11,61.18,61.56,60.4,61.18,355700,0
2006-07-12,60.94,60.94,59.68,59.8,235600,0
2006-07-13,59.55,59.55,57.64,57.75,439000,0
2006-07-14,57.75,58.05,57.05,57.92,426100,0
2006-07-17,58.25,58.77,55.98,55.99,516300,0
2006-07-18,56.0,56.45,54.16,54.68,964800,0
2006-07-19,54.92,56.6,54.8,56.4,440100,0
2006-07-20,56.38,56.9,54.76,54.8,462400,0
2006-07-21,54.8,54.8,53.35,53.47,403900,0
2006-07-24,53.72,54.54,53.69,54.4,328200,0
2006-07-25,54.45,55.22,53.7,54.34,457900,0
2006-07-26,52.5,54.69,50.75,54.11,1159000,0
2006-07-27,54.5,54.95,52.86,52.97,437800,0
2006-07-28,53.23,54.0,53.23,53.3,450200,0
2006-07-31,53.3,53.7,53.2,53.25,517200,0
2006-08-01,53.0,53.0,52.45,52.69,347100,0
2006-08-02,52.89,53.08,52.58,52.69,412800,0
2006-08-03,52.69,53.46,52.5,52.84,564900,0
2006-08-04,53.25,54.2,52.41,52.71,384800,0
2006-08-07,52.71,52.96,52.01,52.3,218300,0
2006-08-08,52.35,52.41,51.26,51.45,239600,0
2006-08-09,51.7,51.82,50.48,50.52,340600,0
2006-08-10,50.4,50.94,50.28,50.52,329700,0
2006-08-11,50.4,50.64,49.7,50.11,290000,0
2006-08-14,50.36,51.24,50.31,50.68,527300,0
2006-08-15,49.8,52.17,49.8,52.13,275700,0
2006-08-16,52.38,53.3,52.22,53.14,235900,0
2006-08-17,52.94,53.56,52.9,53.15,205200,0
2006-08-18,53.3,53.38,52.8,53.01,146500,0
2006-08-21,52.85,52.9,52.4,52.59,192100,0
2006-08-22,52.56,52.89,52.26,52.5,170400,0
2006-08-23,52.6,52.75,51.55,51.87,163000,0
2006-08-24,52.2,52.48,51.86,52.21,261900,0
2006-08-25,52.0,52.24,51.51,51.8,139800,0
2006-08-28,51.7,52.5,51.7,52.47,153200,0
2006-08-29,52.6,52.76,52.25,52.75,384600,0
2006-08-30,52.65,53.05,52.29,52.48,203700,0
2006-08-31,52.5,52.82,52.19,52.74,165200,0
2006-09-01,52.9,54.05,52.9,54.05,257500,0
2006-09-05,54.05,54.49,53.78,54.24,211400,0
2006-09-06,54.1,54.14,53.06,53.08,201900,0
2006-09-07,52.88,53.19,52.49,52.92,194200,0
2006-09-08,52.99,53.39,52.76,52.94,129300,0
2006-09-11,52.95,53.15,52.51,52.71,321200,0
2006-09-12,52.6,53.72,52.6,53.5,200800,0
2006-09-13,53.44,54.24,53.31,54.04,196300,0
2006-09-14,54.0,54.87,53.84,54.75,397300,0
2006-09-15,55.16,56.55,55.16,55.92,632700,0
2006-09-18,55.92,56.41,55.36,55.56,503300,0
2006-09-19,55.7,55.95,55.0,55.35,610300,0
2006-09-20,55.75,56.17,55.4,55.84,430700,0
2006-09-21,56.0,56.25,55.0,55.16,351800,0
2006-09-22,55.17,55.2,54.28,54.53,252500,0
2006-09-25,54.56,55.63,54.42,55.43,189000,0
2006-09-26,55.3,55.96,55.24,55.8,239500,0
2006-09-27,55.65,56.65,55.59,56.3,218700,0
2006-09-28,56.4,57.16,56.36,57.03,358100,0
2006-09-29,57.11,57.34,56.53,56.65,342100,0
2006-10-02,56.65,57.0,56.19,56.51,424000,0
2006-10-03,56.59,56.62,56.15,56.29,313500,0
2006-10-04,56.28,57.1,56.25,56.82,252400,0
2006-10-05,56.72,57.44,56.64,57.43,325300,0
2006-10-06,57.3,58.14,57.18,57.83,289200,0
2006-10-09,57.84,58.42,57.8,58.12,217000,0
2006-10-10,58.25,58.59,58.15,58.56,164400,0
2006-10-11,58.4,58.6,58.04,58.5,149100,0
2006-10-12,58.6,60.77,58.6,60.67,357000,0
2006-10-13,60.55,61.93,60.4,61.72,445400,0
2006-10-16,61.84,63.34,61.84,62.93,467200,0
2006-10-17,62.93,63.04,61.82,62.25,359300,0
2006-10-18,62.5,63.37,62.5,62.91,680000,0
2006-10-19,62.9,62.91,62.15,62.55,410600,0
2006-10-20,62.55,62.55,60.09,60.24,807700,0
2006-10-23,60.03,60.66,59.51,60.59,368000,0
2006-10-24,60.18,60.8,60.15,60.34,505700,0
2006-10-25,60.75,61.5,60.12,61.28,537400,0
2006-10-26,61.7,63.78,61.59,63.73,524900,0
2006-10-27,63.6,63.6,61.86,61.94,394500,0
2006-10-30,61.7,62.31,61.48,62.06,208800,0
2006-10-31,62.06,62.47,61.18,61.71,289800,0
2006-11-01,61.82,62.32,60.98,61.06,242100,0
2006-11-02,60.8,60.84,60.25,60.28,231700,0
2006-11-03,60.53,61.12,60.19,60.34,235700,0
2006-11-06,60.55,60.72,60.1,60.3,492900,0
2006-11-07,60.24,60.55,60.06,60.41,525400,0
2006-11-08,60.25,60.75,60.16,60.62,242300,0
2006-11-09,60.75,60.99,60.15,60.16,159700,0
2006-11-10,60.28,60.72,59.98,60.2,230300,0
2006-11-13,60.2,61.1,60.16,60.72,193500,0
2006-11-14,60.85,61.42,60.6,61.29,334400,0
2006-11-15,61.29,61.67,61.1,61.37,312400,0
2006-11-16,61.54,61.78,61.26,61.62,194700,0
2006-11-17,61.45,61.5,61.1,61.47,186400,0
2006-11-20,61.37,62.07,61.37,61.83,269000,0
2006-11-21,61.83,62.55,61.76,62.51,171800,0
2006-11-22,62.5,62.84,62.24,62.77,268700,0
2006-11-24,62.62,63.0,62.49,63.0,57200,0
2006-11-27,62.75,63.0,61.32,61.32,329800,0
2006-11-28,61.0,61.06,60.28,60.3,294500,0
2006-11-29,60.53,61.27,60.53,61.15,199900,0
2006-11-30,61.23,61.36,60.71,61.08,575900,0
2006-12-01,60.97,61.29,59.82,60.66,343000,0
2006-12-04,60.8,61.9,60.74,61.79,322600,0
2006-12-05,61.82,62.24,61.75,61.94,255800,0
2006-12-06,61.6,62.12,61.6,61.91,118900,0
2006-12-07,61.77,62.11,61.55,61.83,120700,0
2006-12-08,61.84,62.36,61.59,61.75,147600,0
2006-12-11,61.76,61.9,61.17,61.2,98400,0
2006-12-12,61.13,61.16,60.53,60.89,159300,0
2006-12-13,61.2,61.27,60.57,60.63,185600,0
2006-12-14,60.53,61.28,60.53,60.69,247300,0
2006-12-15,60.78,61.12,60.35,60.44,383000,0
2006-12-18,60.51,60.86,60.04,60.05,174700,0
2006-12-19,59.95,60.0,59.37,59.77,365900,0
2006-12-20,59.85,60.29,59.75,60.03,201700,0
2006-12-21,60.2,60.24,58.99,59.21,223300,0
2006-12-22,59.1,59.24,58.35,58.35,223300,0
2006-12-26,58.34,59.63,58.34,59.53,146600,0
2006-12-27,59.54,59.66,59.26,59.59,170900,0
2006-12-28,59.42,59.69,59.33,59.35,151100,0
2006-12-29,59.2,59.49,58.72,58.85,112700,0
2007-01-03,59.25,59.73,58.35,58.8,355300,0
2007-01-04,58.65,58.89,58.34,58.7,246400,0
2007-01-05,58.55,58.56,57.1,57.17,320900,0
2007-01-08,57.17,57.69,56.55,57.42,303700,0
2007-01-09,57.41,57.55,56.86,57.27,303400,0
2007-01-10,57.17,57.28,56.8,57.17,180200,0
2007-01-11,57.45,58.61,57.45,58.5,447100,0
2007-01-12,58.51,59.26,58.45,59.05,345900,0
2007-01-16,59.3,59.9,59.26,59.56,474200,0
2007-01-17,59.75,60.0,59.31,59.41,281700,0
2007-01-18,59.49,59.64,58.1,58.19,270700,0
2007-01-19,58.18,59.42,57.94,58.98,261400,0
2007-01-22,59.15,59.41,58.87,59.17,669600,0
2007-01-23,59.17,60.4,59.06,59.97,563100,0
2007-01-24,59.97,61.01,59.42,59.65,545100,0
2007-01-25,59.65,59.75,59.17,59.56,494800,0
2007-01-26,59.74,59.75,59.31,59.4,356700,0
2007-01-29,59.61,59.61,59.18,59.44,295400,0
2007-01-30,59.44,60.17,59.44,59.95,250200,0
2007-01-31,59.95,61.9,59.81,61.8,436000,0
2007-02-01,61.99,62.63,61.9,62.32,300700,0
2007-02-02,62.42,62.51,62.0,62.23,206400,0
2007-02-05,62.04,62.04,61.18,61.38,231500,0
2007-02-06,61.45,61.94,61.24,61.9,182100,0
2007-02-07,61.75,62.42,61.62,62.31,189900,0
2007-02-08,62.38,62.89,62.33,62.71,347200,0
2007-02-09,62.58,62.7,61.92,62.2,344000,0
2007-02-12,62.16,62.5,62.03,62.28,174200,0
2007-02-13,62.35,62.59,61.37,62.37,241700,0
2007-02-14,62.55,63.54,62.26,63.33,285400,0
2007-02-15,63.13,64.3,63.13,64.1,371700,0
2007-02-16,64.0,64.09,63.6,64.06,231400,0
2007-02-20,64.06,64.74,63.77,64.7,223400,0
2007-02-21,64.5,65.56,64.3,65.52,327500,0
2007-02-22,65.72,65.99,65.34,65.54,295300,0
2007-02-23,65.55,65.74,65.0,65.74,162100,0
2007-02-26,65.8,66.2,64.83,64.95,167400,0
2007-02-27,64.09,64.09,61.5,62.25,351500,0
2007-02-28,62.26,62.35,61.05,61.13,662400,0
2007-03-01,60.76,62.0,59.01,61.73,552600,0
2007-03-02,61.65,61.66,60.47,60.6,243000,0
2007-03-05,60.1,60.83,59.8,59.86,318200,0
2007-03-06,60.3,61.82,60.3,61.66,451900,0
2007-03-07,61.75,62.3,61.75,62.08,290600,0
2007-03-08,63.0,63.66,62.9,63.49,424000,0
2007-03-09,63.89,64.7,63.7,64.52,603300,0
2007-03-12,63.9,64.99,63.85,64.46,383700,0
2007-03-13,64.16,64.37,63.55,63.8,275800,0
2007-03-14,64.0,64.53,62.86,64.0,471400,0
2007-03-15,64.04,64.27,63.62,63.94,162700,0
2007-03-16,64.04,64.56,63.28,63.6,208200,0
2007-03-19,63.85,64.48,63.6,64.48,230800,0
2007-03-20,64.48,64.8,64.37,64.59,161800,0
2007-03-21,64.6,65.76,64.5,65.75,242900,0
2007-03-22,65.9,66.84,65.86,66.63,234800,0
2007-03-23,66.82,67.32,66.6,67.32,176100,0
2007-03-26,67.22,67.45,66.27,66.97,241100,0
2007-03-27,66.87,66.97,66.01,66.39,210200,0
2007-03-28,66.4,66.73,65.8,66.63,208000,0
2007-03-29,67.0,67.5,66.95,67.5,261800,0
2007-03-30,67.5,68.15,67.01,67.61,268800,0
2007-04-02,67.62,68.23,67.43,67.74,247200,0
2007-04-03,67.99,68.29,67.28,67.4,364000,0
2007-04-04,67.52,67.52,67.01,67.41,244000,0
2007-04-05,67.31,67.48,66.82,67.24,138400,0
2007-04-09,67.21,67.92,67.17,67.87,154400,0
2007-04-10,67.87,67.87,67.43,67.54,182300,0
2007-04-11,67.6,67.6,66.91,67.29,247300,0
2007-04-12,67.3,67.89,67.08,67.65,226400,0
2007-04-13,67.75,67.96,67.01,67.34,343100,0
2007-04-16,67.53,68.56,67.43,68.51,274000,0
2007-04-17,68.7,68.97,68.51,68.71,329200,0
2007-04-18,68.58,69.11,68.03,68.81,245300,0
2007-04-19,68.81,68.91,68.1,68.62,243300,0
2007-04-20,69.05,69.75,69.05,69.14,369300,0
2007-04-23,69.25,70.0,69.22,69.88,299100,0
2007-04-24,70.07,70.4,69.94,70.2,269800,0
2007-04-25,70.4,72.1,70.0,71.42,505300,0
2007-04-26,71.48,71.58,70.55,71.23,490800,0
2007-04-27,70.4,72.14,70.2,71.78,322300,0
2007-04-30,71.79,71.81,70.55,70.56,209300,0
2007-05-01,70.6,71.28,69.99,70.94,258400,0
2007-05-02,70.97,72.6,70.91,72.34,275500,0
2007-05-03,72.34,72.48,71.76,72.33,207800,0
2007-05-04,72.33,72.64,71.76,72.57,261800,0
2007-05-07,72.67,72.86,72.39,72.54,170000,0
2007-05-08,72.67,72.87,71.55,72.87,289900,0
2007-05-09,72.84,74.69,72.75,74.69,393600,0
2007-05-10,74.44,74.5,73.06,73.46,336500,0
2007-05-11,73.4,73.78,72.88,73.72,375100,0
2007-05-14,73.62,73.66,72.74,72.98,305100,0
2007-05-15,72.94,73.12,72.1,72.15,307300,0
2007-05-16,72.4,72.42,71.8,72.25,180500,0
2007-05-17,72.0,72.57,71.65,72.46,265500,0
2007-05-18,72.71,73.2,72.13,73.16,262400,0
2007-05-21,73.3,74.28,73.26,74.28,448400,0
2007-05-22,74.3,75.15,74.12,74.94,209400,0
2007-05-23,75.14,75.46,73.81,74.11,357800,0
2007-05-24,74.11,74.43,72.53,72.58,262900,0
2007-05-25,72.68,73.65,72.68,73.58,228200,0
2007-05-29,73.62,74.21,73.58,73.99,183200,0
2007-05-30,73.5,75.44,73.5,75.44,308700,0
2007-05-31,75.54,77.09,75.54,76.92,404600,0
2007-06-01,77.55,77.75,76.7,77.21,287300,0
2007-06-04,77.01,77.8,77.01,77.5,221000,0
2007-06-05,77.43,77.49,76.25,76.56,343700,0
2007-06-06,76.35,76.37,74.95,75.24,245500,0
2007-06-07,75.14,75.2,74.22,74.37,374700,0
2007-06-08,74.37,75.49,74.31,75.4,214800,0
2007-06-11,75.36,76.52,74.87,76.03,187500,0
2007-06-12,75.87,76.63,75.79,75.95,312100,0
2007-06-13,76.2,77.57,76.12,77.48,397400,0
2007-06-14,77.73,79.42,77.65,79.37,403200,0
2007-06-15,79.7,81.28,79.6,79.9,607000,0
2007-06-18,80.06,81.01,79.9,80.43,375400,0
2007-06-19,80.28,80.74,79.9,80.45,309000,0
2007-06-20,80.7,82.53,80.66,81.39,575900,0
2007-06-21,81.04,82.49,80.22,82.36,324000,0
2007-06-22,82.36,82.95,81.54,81.6,451400,0
2007-06-25,81.61,82.49,80.08,80.27,489300,0
2007-06-26,80.5,80.5,79.25,79.61,447700,0
2007-06-27,79.21,80.22,78.61,80.1,294700,0
2007-06-28,80.13,82.25,80.13,82.06,413800,0
2007-06-29,82.26,82.75,81.65,82.03,271900,0
2007-07-02,82.25,83.82,82.25,83.8,177500,0
2007-07-03,84.05,84.56,83.79,83.91,124600,0
2007-07-05,84.01,84.14,83.17,83.62,182300,0
2007-07-06,83.45,85.0,83.35,85.0,226700,0
2007-07-09,85.28,85.56,84.52,85.44,195100,0
2007-07-10,85.32,85.32,83.42,83.54,292500,0
2007-07-11,83.73,84.99,83.73,84.68,296700,0
2007-07-12,84.98,86.98,84.96,86.95,528600,0
2007-07-13,86.95,87.8,86.83,86.97,241900,0
2007-07-16,86.72,87.14,86.25,86.49,328800,0
2007-07-17,86.6,88.51,86.55,87.69,439300,0
2007-07-18,86.84,88.76,86.84,88.01,760900,0
2007-07-19,88.2,89.85,88.18,88.53,519900,0
2007-07-20,88.15,88.53,86.48,86.94,520200,0
2007-07-23,87.1,87.5,85.84,85.86,506100,0
2007-07-24,85.4,85.66,83.78,83.8,580900,0
2007-07-25,83.8,84.67,79.03,79.46,1425200,0
2007-07-26,78.05,78.99,75.43,78.89,1538000,0
2007-07-27,79.0,80.4,77.11,77.11,639400,0
2007-07-30,77.25,78.39,76.34,77.92,489100,0
2007-07-31,78.55,79.31,76.66,76.66,401400,0
2007-08-01,76.66,77.5,75.8,77.16,631700,0
2007-08-02,77.65,78.99,77.44,78.61,589300,0
2007-08-03,78.7,78.91,77.18,77.6,578200,0
2007-08-06,77.89,78.95,77.01,78.57,518800,0
2007-08-07,78.53,80.85,78.37,80.49,646600,0
2007-08-08,80.66,83.75,80.64,82.65,588700,0
2007-08-09,82.65,82.65,75.78,76.44,922300,0
2007-08-10,75.2,80.65,75.0,79.66,1052800,0
2007-08-13,80.26,80.62,77.09,77.45,534000,0
2007-08-14,77.45,77.9,74.35,74.54,410700,0
2007-08-15,74.0,74.7,72.22,72.45,427600,0
2007-08-16,71.95,72.1,69.79,72.1,791500,0
2007-08-17,74.9,75.91,71.68,73.36,563800,0
2007-08-20,73.5,75.93,72.85,75.78,358100,0
2007-08-21,76.25,76.69,75.0,75.15,288600,0
2007-08-22,75.8,79.04,75.8,78.45,336900,0
2007-08-23,78.85,78.99,77.57,78.18,388900,0
2007-08-24,78.08,79.94,77.7,79.94,247200,0
2007-08-27,79.88,80.24,79.2,79.2,226100,0
2007-08-28,79.34,79.34,76.81,76.81,265800,0
2007-08-29,77.18,79.15,77.18,79.01,238500,0
2007-08-30,78.65,80.12,78.57,78.95,310600,0
2007-08-31,80.4,81.19,79.65,80.66,274200,0
2007-09-04,81.04,83.4,80.98,82.77,492800,0
2007-09-05,82.06,82.13,81.34,81.34,305500,0
2007-09-06,81.23,82.77,80.86,82.77,492000,0
2007-09-07,81.77,82.0,81.13,81.45,404400,0
2007-09-10,81.75,83.23,81.17,82.66,553800,0
2007-09-11,82.88,83.41,81.58,82.38,709600,0
2007-09-12,82.32,82.58,81.11,81.43,365900,0
2007-09-13,81.75,82.5,81.04,81.82,324700,0
2007-09-14,81.34,83.5,81.01,83.41,511400,0
2007-09-17,83.25,84.42,82.69,82.69,435700,0
2007-09-18,83.0,86.29,82.52,86.17,659700,0
2007-09-19,86.73,87.61,86.06,86.38,527900,0
2007-09-20,86.4,86.4,84.75,85.06,351200,0
2007-09-21,85.36,86.22,83.76,84.0,472700,0
2007-09-24,83.9,84.15,82.86,83.09,600600,0
2007-09-25,82.6,84.1,82.56,84.1,262600,0
2007-09-26,84.11,85.78,84.11,85.56,293600,0
2007-09-27,85.69,86.46,85.43,86.46,155700,0
2007-09-28,86.19,86.19,83.62,83.98,340700,0
2007-10-01,84.08,85.77,83.45,85.69,471000,0
2007-10-02,85.69,85.96,84.81,85.25,259500,0
2007-10-03,84.95,85.15,84.12,84.7,246200,0
2007-10-04,84.9,86.17,84.86,85.35,251400,0
2007-10-05,85.8,87.79,85.16,87.3,285200,0
2007-10-08,87.01,89.52,85.66,85.72,480500,0
2007-10-09,86.02,86.05,85.0,86.0,279500,0
2007-10-10,85.52,85.63,84.52,84.61,262100,0
2007-10-11,85.0,85.31,82.65,83.42,382000,0
2007-10-12,83.42,83.75,82.53,82.99,312300,0
2007-10-15,82.89,83.48,81.64,82.14,318300,0
2007-10-16,82.24,82.75,80.85,80.94,287200,0
2007-10-17,81.4,82.04,80.29,81.3,262200,0
2007-10-18,81.15,82.43,80.91,81.82,408300,0
2007-10-19,81.52,82.06,79.44,79.44,455600,0
2007-10-22,78.5,81.15,78.3,80.58,523400,0
2007-10-23,80.88,82.59,80.77,82.58,242800,0
2007-10-24,87.41,89.35,84.59,88.76,1132900,0
2007-10-25,89.5,89.52,85.34,87.23,576500,0
2007-10-26,87.73,90.88,87.66,88.98,673900,0
2007-10-29,89.5,90.72,88.48,90.32,434500,0
2007-10-30,89.85,90.29,87.92,87.93,406100,0
2007-10-31,88.15,91.21,87.96,91.21,566300,0
2007-11-01,90.5,90.6,88.82,88.84,406400,0
2007-11-02,89.09,90.61,88.06,89.41,513200,0
2007-11-05,88.63,89.39,87.77,88.81,415300,0
2007-11-06,88.8,90.5,88.54,90.07,513100,0
2007-11-07,88.16,89.97,87.8,87.8,417000,0
2007-11-08,88.33,90.0,87.68,89.5,905600,0
2007-11-09,89.04,89.25,87.64,87.72,431000,0
2007-11-12,87.76,87.76,83.74,83.74,539300,0
2007-11-13,83.42,85.05,82.62,84.71,378000,0
2007-11-14,84.88,85.41,84.07,84.32,556600,0
2007-11-15,84.05,84.05,81.01,81.69,663800,0
2007-11-16,82.12,82.12,77.3,78.34,879900,0
2007-11-19,77.49,78.97,76.34,78.28,691500,0
2007-11-20,76.71,76.71,72.35,73.2,1473600,0
2007-11-21,72.56,74.19,72.02,73.59,662600,0
2007-11-23,74.36,75.01,73.62,74.81,350700,0
2007-11-26,74.85,76.06,74.45,74.69,752800,0
2007-11-27,74.36,75.52,73.52,75.07,650100,0
2007-11-28,75.49,76.71,75.07,76.66,438600,0
2007-11-29,76.49,77.28,75.51,77.13,483800,0
2007-11-30,77.86,79.07,77.49,78.05,676800,0
2007-12-03,77.64,78.08,76.51,76.76,490800,0
2007-12-04,76.25,77.93,75.5,77.27,412300,0
2007-12-05,78.21,80.17,77.71,79.48,425900,0
2007-12-06,79.53,82.44,79.4,82.08,385300,0
2007-12-07,82.43,82.75,81.2,81.28,284900,0
2007-12-10,81.81,83.47,81.1,83.07,371300,0
2007-12-11,83.11,83.11,79.13,79.14,395100,0
2007-12-12,81.12,81.74,78.28,79.24,282700,0
2007-12-13,79.07,79.17,77.69,78.74,446600,0
2007-12-14,77.86,79.52,77.23,77.38,333200,0
2007-12-17,77.15,78.0,75.59,75.59,454800,0
2007-12-18,75.76,76.0,74.74,75.74,348800,0
2007-12-19,38.05,38.06,37.11,37.31,205550,0
2007-12-20,37.65,37.9,36.67,37.7,684900,0
2007-12-21,38.32,39.48,38.17,39.33,844300,0
2007-12-24,39.75,40.01,39.35,39.76,178800,0
2007-12-26,39.45,39.68,38.96,39.03,338800,0
2007-12-27,38.98,39.07,38.11,38.23,304900,0
2007-12-28,38.89,39.1,37.75,38.72,339900,0
2007-12-31,38.75,38.83,37.55,37.86,399800,0
2008-01-02,37.78,38.03,36.51,36.67,683500,0
2008-01-03,36.71,36.73,35.9,36.01,627800,0
2008-01-04,35.61,35.65,33.06,33.31,1240600,0
2008-01-07,33.39,34.11,32.91,33.74,1485800,0
2008-01-08,33.84,34.18,32.57,32.6,1193500,0
2008-01-09,32.35,33.05,31.63,32.25,1262800,0
2008-01-10,32.09,33.49,31.55,33.08,1014100,0
2008-01-11,33.12,33.31,31.84,32.04,660000,0
2008-01-14,32.39,32.84,32.17,32.64,503900,0
2008-01-15,32.15,32.17,29.51,30.23,2178800,0
2008-01-16,30.05,30.49,28.86,29.61,1758700,0
2008-01-17,29.67,30.38,27.87,27.89,1045000,0
2008-01-18,27.94,28.4,27.14,27.43,1764200,0
2008-01-22,27.25,28.88,26.35,28.22,1988100,0
2008-01-23,26.32,28.29,26.0,28.15,2577200,0
2008-01-24,28.3,28.97,26.66,27.67,2052200,0
2008-01-25,27.89,31.75,27.82,29.69,1660300,0
2008-01-28,29.64,29.78,28.94,29.54,896300,0
2008-01-29,29.49,30.0,29.22,29.56,748900,0
2008-01-30,29.45,30.68,29.0,29.6,616700,0
2008-01-31,29.21,30.85,28.93,30.62,653100,0
2008-02-01,30.5,31.6,30.35,31.5,813100,0
2008-02-04,31.41,31.52,30.68,31.26,613400,0
2008-02-05,30.75,30.93,29.71,29.8,940700,0
2008-02-06,29.99,30.15,29.2,29.29,626800,0
2008-02-07,28.82,29.82,28.7,29.59,740100,0
2008-02-08,29.7,30.38,29.56,30.05,711200,0
2008-02-11,30.5,31.28,30.25,30.58,972500,0
2008-02-12,30.49,30.78,30.26,30.51,586600,0
2008-02-13,30.67,31.75,30.59,31.65,638000,0
2008-02-14,31.75,31.75,30.65,30.7,547200,0
2008-02-15,30.4,30.75,29.88,30.64,557500,0
2008-02-19,30.9,31.16,30.37,30.61,622100,0
2008-02-20,30.37,31.7,30.18,31.51,519900,0
2008-02-21,31.78,31.95,30.85,30.93,428300,0
2008-02-22,31.0,31.2,30.1,30.8,486300,0
2008-02-25,30.99,31.53,30.46,31.25,549900,0
2008-02-26,31.28,31.98,30.47,31.6,668900,0
2008-02-27,31.31,31.69,31.01,31.39,1216800,0
2008-02-28,31.28,31.4,30.75,30.96,509400,0
2008-02-29,30.56,30.86,30.2,30.37,450300,0
2008-03-03,30.72,30.89,30.09,30.84,518700,0
2008-03-04,30.8,30.8,29.53,30.0,616600,0
2008-03-05,30.15,30.5,29.69,30.45,747400,0
2008-03-06,30.25,30.26,29.47,29.51,465700,0
2008-03-07,29.25,29.41,28.41,28.97,737000,0
2008-03-10,29.07,29.07,27.69,27.86,521100,0
2008-03-11,28.4,28.99,28.21,28.96,506400,0
2008-03-12,29.11,29.48,28.76,28.89,325800,0
2008-03-13,28.59,29.43,27.85,29.27,539200,0
2008-03-14,29.28,29.32,27.45,28.3,535500,0
2008-03-17,27.78,28.23,27.33,27.6,647000,0
2008-03-18,28.02,29.47,28.02,29.25,783400,0
2008-03-19,29.36,29.66,28.15,28.15,701200,0
2008-03-20,28.26,28.78,27.81,28.5,697100,0
2008-03-24,28.6,29.8,28.27,29.51,442900,0
2008-03-25,29.57,30.53,29.34,30.24,601900,0
2008-03-26,30.23,30.47,29.44,29.75,763200,0
2008-03-27,29.77,30.04,29.3,29.5,426200,0
2008-03-28,29.82,29.86,29.2,29.3,281600,0
2008-03-31,29.09,29.49,28.79,29.43,420100,0
2008-04-01,29.84,31.39,29.44,31.33,927200,0
2008-04-02,31.39,32.4,31.33,31.77,839700,0
2008-04-03,31.62,32.53,31.61,32.48,712700,0
2008-04-04,32.69,32.8,31.98,32.55,404700,0
2008-04-07,32.7,33.1,32.26,32.36,248300,0
2008-04-08,32.2,32.44,31.59,32.37,478700,0
2008-04-09,32.18,32.36,31.4,31.93,580300,0
2008-04-10,31.76,31.86,31.15,31.61,646700,0
2008-04-11,31.25,31.27,30.84,31.03,344600,0
2008-04-14,30.91,31.5,30.58,31.08,455300,0
2008-04-15,31.31,31.56,30.52,31.27,452400,0
2008-04-16,31.57,32.5,31.41,32.38,880700,0
2008-04-17,32.37,32.5,31.72,32.18,998800,0
2008-04-18,32.59,33.46,32.4,33.33,497800,0
2008-04-21,33.16,34.07,33.16,33.91,784000,0
2008-04-22,33.77,33.88,33.0,33.4,425300,0
2008-04-23,33.48,34.04,33.2,34.01,630900,0
2008-04-24,33.21,33.81,30.91,33.36,882600,0
2008-04-25,33.58,34.5,33.21,33.77,539200,0
2008-04-28,33.75,34.8,33.47,34.62,357300,0
2008-04-29,34.63,35.0,34.52,34.69,310000,0
2008-04-30,34.72,35.38,34.55,34.77,545100,0
2008-05-01,34.65,35.54,34.37,35.38,424000,0
2008-05-02,35.6,35.74,34.47,34.91,580900,0
2008-05-05,34.6,34.6,33.95,34.25,721800,0
2008-05-06,34.15,34.63,33.86,34.44,347200,0
2008-05-07,34.42,34.92,34.21,34.27,438000,0
2008-05-08,34.46,34.85,33.82,34.68,418000,0
2008-05-09,34.18,34.63,33.73,34.51,400200,0
2008-05-12,34.5,35.17,34.19,35.14,346400,0
2008-05-13,35.25,35.3,34.7,35.11,442100,0
2008-05-14,35.25,36.49,35.22,36.22,577200,0
2008-05-15,36.3,36.66,35.78,36.62,602000,0
2008-05-16,36.6,37.0,35.84,36.59,704000,0
2008-05-19,36.55,38.24,36.17,37.51,768900,0
2008-05-20,37.44,37.94,37.02,37.49,692700,0
2008-05-21,37.45,38.03,36.5,36.69,574900,0
2008-05-22,36.57,37.66,36.57,37.66,560100,0
2008-05-23,37.36,37.57,36.51,36.81,371500,0
2008-05-27,36.82,37.19,36.5,36.98,582000,0
2008-05-28,36.98,38.06,36.91,38.06,471900,0
2008-05-29,37.96,38.5,37.59,37.94,321600,0
2008-05-30,38.28,38.75,38.0,38.65,601100,0
2008-06-02,38.38,38.58,37.15,37.5,531800,0
2008-06-03,37.49,38.0,37.12,37.51,352700,0
2008-06-04,37.3,38.08,37.25,37.81,356700,0
2008-06-05,36.82,37.05,35.75,37.05,1139700,0
2008-06-06,36.85,36.95,35.61,35.97,748300,0
2008-06-09,36.06,36.46,35.53,35.78,844100,0
2008-06-10,35.53,35.89,35.19,35.55,588500,0
2008-06-11,35.38,35.55,34.41,34.44,733200,0
2008-06-12,34.55,35.44,34.24,34.34,823400,0
2008-06-13,34.66,36.37,34.66,36.37,1243000,0
2008-06-16,36.29,36.53,35.96,36.3,476800,0
2008-06-17,36.48,36.53,35.26,35.72,641600,0
2008-06-18,35.61,35.86,35.11,35.3,377200,0
2008-06-19,35.3,36.32,34.84,36.1,446600,0
2008-06-20,35.28,35.98,35.05,35.26,501700,0
2008-06-23,35.38,35.8,34.95,35.33,504300,0
2008-06-24,35.16,35.22,33.78,33.84,864700,0
2008-06-25,33.91,34.01,33.25,33.51,1219500,0
2008-06-26,33.36,33.36,32.07,32.3,1059500,0
2008-06-27,32.6,32.68,32.0,32.48,913700,0
2008-06-30,32.4,33.0,32.16,32.55,1116200,0
2008-07-01,32.03,32.18,31.34,32.11,1223300,0
2008-07-02,32.35,32.35,30.58,30.73,1286700,0
2008-07-03,30.87,31.52,30.51,30.9,660100,0
2008-07-07,31.01,31.76,30.76,31.03,959800,0
2008-07-08,31.13,32.05,30.64,31.88,1155000,0
2008-07-09,32.0,32.17,30.92,31.13,724000,0
2008-07-10,30.59,30.86,30.0,30.45,1049400,0
2008-07-11,30.14,30.88,29.81,30.52,714200,0
2008-07-14,30.14,31.14,29.97,30.86,762400,0
2008-07-15,30.62,31.21,28.95,30.83,1277200,0
2008-07-16,30.86,31.19,30.24,31.05,1359700,0
2008-07-17,31.05,31.99,30.92,31.99,1052200,0
2008-07-18,32.04,32.25,31.63,32.13,610100,0
2008-07-21,32.3,32.63,31.91,32.54,628700,0
2008-07-22,32.14,33.57,32.07,33.57,774300,0
2008-07-23,33.82,35.67,33.36,33.57,1157900,0
2008-07-24,33.5,34.0,28.86,29.24,3414700,0
2008-07-25,29.29,30.3,29.11,29.29,1496200,0
2008-07-28,29.17,29.83,28.59,28.66,1701700,0
2008-07-29,28.71,29.21,28.23,29.07,1748000,0
2008-07-30,29.29,30.04,29.25,29.87,967700,0
2008-07-31,29.45,30.09,29.11,29.76,1013400,0
2008-08-01,29.58,29.76,28.88,29.26,1181400,0
2008-08-04,29.32,30.09,29.32,29.53,950800,0
2008-08-05,29.7,30.5,29.65,30.46,926600,0
2008-08-06,30.41,31.8,30.37,31.49,758900,0
2008-08-07,31.2,31.68,30.95,31.4,747100,0
2008-08-08,31.3,32.8,31.28,32.65,449300,0
2008-08-11,32.52,33.69,32.41,33.54,603200,0
2008-08-12,33.64,34.47,33.29,33.87,797500,0
2008-08-13,33.6,33.86,32.86,33.67,965200,0
2008-08-14,33.46,34.73,33.38,34.57,533000,0
2008-08-15,34.72,35.23,34.39,34.55,369800,0
2008-08-18,34.91,35.17,34.34,34.74,613600,0
2008-08-19,34.74,34.9,34.17,34.42,687500,0
2008-08-20,34.54,35.07,34.32,34.89,485600,0
2008-08-21,34.6,35.14,34.38,34.59,485400,0
2008-08-22,34.84,35.42,34.77,35.05,639800,0
2008-08-25,35.1,35.12,33.91,34.08,757400,0
2008-08-26,34.08,34.32,33.45,34.07,743300,0
2008-08-27,34.09,35.04,34.09,34.88,284900,0
2008-08-28,35.09,35.86,35.06,35.72,259900,0
2008-08-29,35.64,35.83,35.1,35.23,268000,0
2008-09-02,35.84,36.43,35.07,35.28,463600,0
2008-09-03,35.14,35.98,35.09,35.82,861900,0
2008-09-04,35.46,35.46,33.78,33.84,541100,0
2008-09-05,33.63,34.02,32.93,33.32,700200,0
2008-09-08,34.31,34.61,33.33,33.94,485500,0
2008-09-09,33.94,33.94,31.71,31.88,746300,0
2008-09-10,31.86,33.03,31.62,32.71,534300,0
2008-09-11,32.17,34.16,31.31,33.66,522900,0
2008-09-12,33.25,34.21,32.92,33.99,395200,0
2008-09-15,32.83,33.67,32.24,32.42,435600,0
2008-09-16,31.73,33.34,31.26,33.15,934300,0
2008-09-17,32.7,32.78,31.37,31.46,903500,0
2008-09-18,31.9,33.02,28.67,32.65,1676000,0
2008-09-19,35.2,38.75,32.95,34.19,2159200,0
2008-09-22,33.25,33.5,31.63,31.7,918500,0
2008-09-23,31.63,32.06,30.91,31.28,708000,0
2008-09-24,31.3,31.41,29.88,30.21,586400,0
2008-09-25,30.44,30.91,30.16,30.78,538300,0
2008-09-26,30.27,30.28,29.5,30.0,781600,0
2008-09-29,29.56,29.56,26.21,26.8,958100,0
2008-09-30,27.61,27.61,26.5,27.12,1397400,0
2008-10-01,26.96,27.9,26.35,27.25,1270100,0
2008-10-02,27.08,27.35,25.22,25.34,1300800,0
2008-10-03,25.75,26.3,24.04,24.26,809800,0
2008-10-06,23.51,24.05,21.2,22.73,1459600,0
2008-10-07,23.2,23.84,21.48,21.67,1424500,0
2008-10-08,20.83,22.19,20.19,21.14,1984500,0
2008-10-09,21.66,21.77,18.61,19.07,1593900,0
2008-10-10,18.0,20.88,17.3,19.24,1985900,0
2008-10-13,20.19,21.87,20.01,21.87,1195700,0
2008-10-14,23.02,23.8,21.87,22.78,1885500,0
2008-10-15,22.17,22.17,20.18,20.22,1050200,0
2008-10-16,19.98,21.81,18.5,21.76,1517700,0
2008-10-17,20.89,23.21,20.54,21.96,624200,0
2008-10-20,22.32,23.05,21.51,22.24,864300,0
2008-10-21,21.75,22.96,21.56,22.24,726400,0
2008-10-22,21.77,21.87,18.98,19.91,1541600,0
2008-10-23,20.28,20.71,18.32,18.88,1319900,0
2008-10-24,17.05,18.0,16.31,17.39,1510100,0
2008-10-27,17.1,17.76,16.51,16.52,1078700,0
2008-10-28,16.98,18.36,15.98,18.36,970700,0
2008-10-29,18.51,20.55,18.38,19.57,1074000,0
2008-10-30,20.4,21.29,20.25,20.95,1032900,0
2008-10-31,21.05,21.7,20.41,21.22,779500,0
2008-11-03,21.22,21.6,20.84,21.45,376600,0
2008-11-04,21.95,22.22,21.12,21.7,556900,0
2008-11-05,21.25,21.97,20.06,20.12,902600,0
2008-11-06,19.99,20.24,18.53,18.56,638300,0
2008-11-07,18.74,19.55,18.44,18.93,645400,0
2008-11-10,19.43,19.65,17.87,18.02,603400,0
2008-11-11,17.75,18.22,17.23,17.46,803500,0
2008-11-12,17.09,17.18,15.93,16.05,788900,0
2008-11-13,16.2,17.91,15.11,17.91,1449100,0
2008-11-14,17.54,18.36,17.05,17.61,1156100,0
2008-11-17,17.38,17.59,16.81,16.84,1272700,0
2008-11-18,16.95,16.98,15.93,16.68,807400,0
2008-11-19,16.67,16.68,15.03,15.1,791200,0
2008-11-20,14.88,15.12,13.29,13.37,2125400,0
2008-11-21,13.67,14.38,12.82,14.35,2033300,0
2008-11-24,14.49,16.28,14.29,16.11,1106400,0
2008-11-25,16.54,16.95,15.5,16.43,850900,0
2008-11-26,16.0,18.11,15.76,18.03,690300,0
2008-11-28,17.77,18.7,17.43,18.7,205600,0
2008-12-01,18.01,18.04,16.73,16.81,1277900,0
2008-12-02,17.1,17.44,16.47,17.23,738600,0
2008-12-03,16.67,18.15,16.29,18.02,589500,0
2008-12-04,17.68,18.07,16.43,16.86,871800,0
2008-12-05,16.5,17.91,16.05,17.83,568200,0
2008-12-08,18.31,19.25,18.1,18.73,992600,0
2008-12-09,18.51,20.8,18.51,19.29,1532200,0
2008-12-10,19.51,20.15,19.18,19.76,670100,0
2008-12-11,19.66,20.0,18.2,18.49,706400,0
2008-12-12,17.93,19.54,17.65,19.28,995700,0
2008-12-15,19.32,19.98,18.46,18.87,923900,0
2008-12-16,19.0,20.37,18.36,20.18,861200,0
2008-12-17,19.75,21.0,19.5,20.82,684200,0
2008-12-18,21.01,21.03,20.21,20.74,878500,0
2008-12-19,21.73,21.89,20.62,21.6,1463500,0
2008-12-22,21.45,21.45,19.94,20.48,697700,0
2008-12-23,20.68,21.2,20.21,20.44,490600,0
2008-12-24,20.32,21.17,20.02,21.01,199900,0
2008-12-26,21.04,21.56,20.82,21.29,508200,0
2008-12-29,21.35,21.49,20.17,20.5,736700,0
2008-12-30,20.7,21.52,20.56,21.45,734700,0
2008-12-31,21.72,22.41,21.7,22.19,701500,0
2009-01-02,22.17,24.1,21.75,23.89,678400,0
2009-01-05,23.64,23.85,22.63,22.9,962700,0
2009-01-06,23.06,23.68,22.58,23.28,605200,0
2009-01-07,23.07,23.07,20.21,20.27,1240200,0
2009-01-08,20.1,21.07,19.7,20.95,724600,0
2009-01-09,20.8,21.08,20.0,20.39,527200,0
2009-01-12,19.45,19.45,18.56,19.07,1191300,0
2009-01-13,18.76,19.4,18.41,19.03,1033100,0
2009-01-14,18.51,18.84,17.75,17.9,1026700,0
2009-01-15,17.9,17.92,16.57,17.6,1693500,0
2009-01-16,18.03,18.16,16.5,17.57,868700,0
2009-01-20,17.28,17.61,16.07,16.19,643800,0
2009-01-21,17.51,17.61,16.32,17.5,677400,0
2009-01-22,17.12,17.3,16.22,16.67,616900,0
2009-01-23,16.22,17.6,16.15,17.29,837300,0
2009-01-26,17.28,18.01,17.18,17.45,989600,0
2009-01-27,17.3,18.2,17.3,17.94,752500,0
2009-01-28,18.05,19.09,18.01,18.69,663200,0
2009-01-29,18.41,18.41,16.69,16.96,919600,0
2009-01-30,17.0,17.13,15.85,16.04,647000,0
2009-02-02,15.46,15.78,15.13,15.49,730100,0
2009-02-03,15.69,15.85,15.28,15.69,884100,0
2009-02-04,15.76,16.69,15.61,16.4,776500,0
2009-02-05,16.29,17.19,16.14,17.04,841600,0
2009-02-06,17.38,18.41,16.98,18.24,1192800,0
2009-02-09,19.15,20.04,18.84,19.62,1572800,0
2009-02-10,19.34,20.01,18.5,18.87,1448300,0
2009-02-11,18.92,19.32,18.07,18.67,771600,0
2009-02-12,18.35,18.35,17.33,18.07,1079100,0
2009-02-13,17.87,18.82,17.84,18.5,1000100,0
2009-02-17,17.73,17.91,17.1,17.53,1104700,0
2009-02-18,17.73,17.95,17.03,17.31,847600,0
2009-02-19,17.59,17.98,17.01,17.11,682400,0
2009-02-20,16.73,17.77,16.61,17.32,1075000,0
2009-02-23,17.33,17.72,16.53,16.6,952500,0
2009-02-24,16.72,17.83,16.36,17.69,708900,0
2009-02-25,17.58,17.75,16.92,17.32,706600,0
2009-02-26,17.51,17.78,16.58,16.69,546700,0
2009-02-27,16.41,17.05,16.23,16.32,764900,0
2009-03-02,15.86,15.9,15.04,15.11,861900,0
2009-03-03,15.38,15.39,14.72,14.75,836100,0
2009-03-04,15.0,15.52,14.97,15.24,927000,0
2009-03-05,15.06,15.3,13.87,13.99,1069100,0
2009-03-06,13.98,14.25,13.16,13.53,1358400,0
2009-03-09,13.54,13.81,13.16,13.31,911600,0
2009-03-10,13.68,14.54,13.66,14.54,1111800,0
2009-03-11,14.51,15.19,14.32,14.82,775200,0
2009-03-12,14.84,15.42,14.44,15.34,758400,0
2009-03-13,15.39,15.74,15.08,15.55,892300,0
2009-03-16,15.64,15.84,15.2,15.42,747500,0
2009-03-17,15.45,15.92,15.0,15.89,698100,0
2009-03-18,15.7,16.22,15.18,16.07,1126800,0
2009-03-19,16.27,16.36,15.88,16.0,544900,0
2009-03-20,16.15,16.23,15.07,15.2,670700,0
2009-03-23,15.62,16.58,15.5,16.54,1126100,0
2009-03-24,16.51,18.1,16.32,17.21,1847300,0
2009-03-25,17.21,17.73,16.27,17.05,1004300,0
2009-03-26,17.17,18.02,16.96,18.0,739900,0
2009-03-27,17.6,17.88,17.42,17.6,777400,0
2009-03-30,17.13,17.13,16.08,16.39,656500,0
2009-03-31,16.56,16.81,16.16,16.21,931100,0
2009-04-01,15.83,16.73,15.56,16.65,1993200,0
2009-04-02,17.04,19.55,16.87,18.85,1855600,0
2009-04-03,18.92,19.74,18.52,19.59,1296200,0
2009-04-06,19.3,19.41,18.65,19.11,803900,0
2009-04-07,18.53,18.78,18.03,18.18,992200,0
2009-04-08,18.32,18.64,17.93,18.54,678800,0
2009-04-09,19.13,21.26,19.13,21.19,1255100,0
2009-04-13,20.75,21.19,20.21,21.04,848600,0
2009-04-14,20.62,21.6,20.42,21.08,1000100,0
2009-04-15,18.93,20.13,18.5,19.58,2327200,0
2009-04-16,19.74,20.4,19.5,20.11,874500,0
2009-04-17,20.14,21.09,20.02,21.02,833000,0
2009-04-20,20.58,20.81,19.65,19.65,1248200,0
2009-04-21,19.51,20.47,19.33,20.4,890300,0
2009-04-22,20.13,21.69,19.99,21.2,852600,0
2009-04-23,21.33,21.48,20.54,20.98,887800,0
2009-04-24,20.4,22.4,20.4,21.86,1083800,0
2009-04-27,21.11,21.11,19.69,20.23,1476200,0
2009-04-28,19.9,20.54,19.63,20.12,573600,0
2009-04-29,20.45,21.0,20.13,20.64,901900,0
2009-04-30,21.3,21.63,20.44,20.45,770600,0
2009-05-01,20.31,20.55,19.85,20.38,777900,0
2009-05-04,20.57,21.58,20.46,21.5,665500,0
2009-05-05,21.4,21.74,20.77,20.9,521500,0
2009-05-06,21.1,21.77,20.72,21.3,567700,0
2009-05-07,21.67,21.88,19.8,20.01,796500,0
2009-05-08,20.42,20.8,19.96,20.64,1010000,0
2009-05-11,20.09,20.34,19.34,20.0,1008800,0
2009-05-12,20.09,20.18,19.13,19.61,944300,0
2009-05-13,19.3,19.3,18.52,18.6,745800,0
2009-05-14,18.63,19.34,17.98,18.0,1781800,0
2009-05-15,18.0,18.41,17.41,17.49,1304600,0
2009-05-18,17.65,18.35,17.51,18.3,896900,0
2009-05-19,18.28,19.12,18.19,18.46,999200,0
2009-05-20,18.71,19.28,18.41,18.5,948600,0
2009-05-21,18.22,18.29,17.7,17.93,549400,0
2009-05-22,18.0,18.18,17.39,17.95,518600,0
2009-05-26,17.7,18.97,17.37,18.94,535200,0
2009-05-27,18.79,19.15,18.47,18.48,467900,0
2009-05-28,18.63,19.01,18.16,18.61,932800,0
2009-05-29,18.76,18.9,18.45,18.88,599700,0
2009-06-01,19.61,20.31,19.0,20.0,848600,0
2009-06-02,20.05,20.34,19.63,20.08,595600,0
2009-06-03,19.64,20.27,19.64,20.1,488200,0
2009-06-04,20.18,20.91,20.0,20.91,594600,0
2009-06-05,21.32,21.49,20.87,21.14,462100,0
2009-06-08,20.82,20.82,20.0,20.29,520500,0
2009-06-09,20.34,20.68,20.0,20.58,486400,0
2009-06-10,20.84,21.01,20.28,20.92,628700,0
2009-06-11,20.74,21.19,20.57,20.9,730700,0
2009-06-12,20.76,20.76,19.44,19.92,1617900,0
2009-06-15,19.54,19.73,18.85,19.01,606800,0
2009-06-16,19.14,19.24,18.38,18.56,569700,0
2009-06-17,18.61,18.97,18.2,18.87,520600,0
2009-06-18,18.85,18.85,18.31,18.45,235300,0
2009-06-19,18.74,18.99,18.37,18.59,542800,0
2009-06-22,18.41,18.43,17.54,17.54,397000,0
2009-06-23,17.74,17.92,17.12,17.26,691100,0
2009-06-24,17.44,18.15,17.27,18.02,1264400,0
2009-06-25,17.78,18.34,17.74,18.34,741100,0
2009-06-26,18.26,18.87,17.95,18.81,879800,0
2009-06-29,18.89,19.25,18.54,19.09,533400,0
2009-06-30,18.97,19.47,18.84,19.18,1187100,0
2009-07-01,19.28,19.92,19.2,19.71,786000,0
2009-07-02,19.22,19.34,18.86,19.26,833900,0
2009-07-06,18.99,19.14,18.74,18.99,1232100,0
2009-07-07,19.0,19.05,17.56,17.6,1698500,0
2009-07-08,17.52,17.83,16.84,17.15,1230800,0
2009-07-09,16.19,16.19,15.29,15.75,3567300,0
2009-07-10,16.55,17.56,16.4,17.43,8013400,0
2009-07-13,17.44,17.74,16.72,17.7,1326600,0
2009-07-14,17.78,17.99,17.37,17.76,649300,0
2009-07-15,18.03,18.37,17.91,18.35,805200,0
2009-07-16,18.11,18.66,18.11,18.56,1084200,0
2009-07-17,18.65,18.71,18.18,18.22,763900,0
2009-07-20,18.59,19.21,18.41,19.15,556500,0
2009-07-21,19.44,19.66,19.17,19.65,937900,0
2009-07-22,19.59,20.08,19.25,19.93,656400,0
2009-07-23,19.89,21.0,19.72,20.95,673900,0
2009-07-24,20.66,21.04,20.4,20.97,542500,0
2009-07-27,20.75,21.35,20.13,20.41,1049200,0
2009-07-28,20.03,20.52,19.83,20.02,731300,0
2009-07-29,19.97,19.97,19.31,19.8,1127800,0
2009-07-30,20.05,23.81,20.05,20.91,3890300,0
2009-07-31,21.14,21.93,21.03,21.32,1487400,0
2009-08-03,21.32,21.32,21.32,21.32,906100,0
2009-08-04,21.92,22.38,21.78,22.3,484000,0
2009-08-05,22.38,22.39,21.49,21.62,646300,0
2009-08-06,21.72,21.81,20.75,21.16,1114400,0
2009-08-07,21.56,22.23,21.45,22.04,517900,0
2009-08-10,21.87,22.41,21.55,22.23,642400,0
2009-08-11,21.96,21.97,21.23,21.67,627500,0
2009-08-12,21.75,22.35,21.72,22.07,699500,0
2009-08-13,22.12,22.85,21.79,22.65,599800,0
2009-08-14,22.44,22.66,21.4,21.93,751500,0
2009-08-17,21.39,21.39,20.84,20.91,129500,0
2009-08-18,21.08,21.36,20.96,21.3,116300,0
2009-08-19,20.94,21.39,20.7,21.3,516300,0
2009-08-20,21.23,21.41,20.9,20.98,540500,0
2009-08-21,21.25,21.34,20.78,21.14,1003600,0
2009-08-24,21.16,21.41,20.59,21.0,780700,0
2009-08-25,21.09,21.46,20.92,21.24,616000,0
2009-08-26,21.56,22.37,21.45,22.28,998700,0
2009-08-27,22.44,22.63,21.87,22.55,740000,0
2009-08-28,22.83,23.21,22.44,22.77,892700,0
2009-08-31,22.45,22.52,21.83,22.05,921600,0
2009-09-01,22.12,22.98,21.44,21.57,991500,0
2009-09-02,21.57,21.85,20.91,20.94,752300,0
2009-09-03,20.98,21.37,20.91,21.37,666400,0
2009-09-04,21.4,21.91,21.31,21.87,563800,0
2009-09-08,22.11,22.46,21.92,22.26,609500,0
2009-09-09,22.36,23.03,22.05,22.96,755500,0
2009-09-10,22.88,23.55,22.61,23.51,600900,0
2009-09-11,23.54,24.52,23.53,24.29,1040600,0
2009-09-14,24.22,24.8,24.06,24.54,777000,0
2009-09-15,24.59,25.02,24.58,24.8,593100,0
2009-09-16,24.86,25.17,24.73,25.02,589100,0
2009-09-17,24.98,25.14,24.6,24.63,959100,0
2009-09-18,24.81,24.81,24.33,24.48,627000,0
2009-09-21,24.27,24.32,23.82,23.93,681400,0
2009-09-22,24.18,24.35,23.85,23.97,499900,0
2009-09-23,24.1,24.51,23.83,23.99,679000,0
2009-09-24,24.09,24.26,23.52,24.21,1112700,0
2009-09-25,24.09,24.48,23.76,23.86,1239700,0
2009-09-28,23.97,24.4,23.71,24.38,591700,0
2009-09-29,24.46,25.09,24.36,24.81,1672400,0
2009-09-30,24.92,24.98,23.82,24.61,1502700,0
2009-10-01,24.46,24.59,22.3,22.55,2276400,0
2009-10-02,22.21,22.34,21.66,21.95,1374900,0
2009-10-05,21.99,22.5,21.92,22.0,1288700,0
2009-10-06,22.22,23.25,22.2,23.13,1225600,0
2009-10-07,23.1,23.29,23.0,23.18,687400,0
2009-10-08,23.37,24.13,23.25,24.04,1110600,0
2009-10-09,23.98,24.3,23.85,24.18,665800,0
2009-10-12,24.59,24.59,24.09,24.24,477700,0
2009-10-13,24.22,24.24,23.8,23.98,480000,0
2009-10-14,24.37,25.36,24.37,25.27,1026900,0
2009-10-15,25.11,25.57,25.1,25.39,1146300,0
2009-10-16,25.07,25.21,24.43,24.78,536900,0
2009-10-19,24.9,25.2,24.78,25.07,579200,0
2009-10-20,25.22,25.31,24.67,25.07,617100,0
2009-10-21,24.93,25.71,24.93,25.01,649500,0
2009-10-22,24.96,25.56,24.41,25.43,641600,0
2009-10-23,25.48,25.63,24.82,24.96,431200,0
2009-10-26,25.04,25.53,24.25,24.72,770400,0
2009-10-27,24.94,24.98,23.88,23.93,832400,0
2009-10-28,23.93,23.98,22.63,22.75,1216400,0
2009-10-29,23.7,26.16,22.56,24.63,2371400,0
2009-10-30,24.46,24.53,22.91,23.56,1192200,0
2009-11-02,23.56,23.56,23.56,23.56,1060900,0
2009-11-03,23.26,23.71,23.13,23.64,839000,0
2009-11-04,23.97,24.26,23.62,23.67,558600,0
2009-11-05,23.94,24.63,23.9,24.63,477500,0
2009-11-06,24.23,24.78,24.14,24.49,460300,0
2009-11-09,24.73,25.02,24.47,24.99,700000,0
2009-11-10,24.9,25.38,24.68,25.0,477600,0
2009-11-11,25.29,25.29,24.62,24.99,422400,0
2009-11-12,24.94,25.19,24.27,24.36,486500,0
2009-11-13,24.49,24.9,24.06,24.58,508300,0
2009-11-16,24.85,25.9,24.7,25.77,770200,0
2009-11-17,25.69,25.96,24.82,25.1,1014100,0
2009-11-18,25.19,25.44,24.87,25.38,650200,0
2009-11-19,25.15,25.25,24.06,24.26,795800,0
2009-11-20,23.96,24.12,23.2,23.5,720400,0
2009-11-23,24.02,24.53,23.89,24.17,645400,0
2009-11-24,24.11,24.17,23.45,23.52,708400,0
2009-11-25,23.66,23.79,23.18,23.63,457600,0
2009-11-27,22.73,23.45,22.43,23.0,266800,0
2009-11-30,23.0,23.07,22.39,22.5,864200,0
2009-12-01,22.85,23.26,22.67,23.02,1046000,0
2009-12-02,23.06,23.41,22.87,23.22,698300,0
2009-12-03,24.71,24.71,24.0,24.17,1149800,0
2009-12-04,24.74,24.99,24.13,24.46,877400,0
2009-12-07,24.51,24.91,24.32,24.81,530900,0
2009-12-08,24.5,24.51,24.0,24.29,866900,0
2009-12-09,24.25,24.37,23.86,24.11,621700,0
2009-12-10,24.32,24.55,24.05,24.27,664800,0
2009-12-11,24.39,24.66,24.08,24.48,372200,0
2009-12-14,24.74,25.16,24.32,25.14,627000,0
2009-12-15,25.1,26.25,24.98,26.09,1170900,0
2009-12-16,26.25,26.67,26.04,26.45,797900,0
2009-12-17,26.07,26.42,25.97,26.34,684400,0
2009-12-18,26.6,26.77,26.22,26.77,1083300,0
2009-12-21,26.92,27.31,26.89,27.27,906300,0
2009-12-22,27.4,27.5,27.01,27.4,774600,0
2009-12-23,27.43,27.95,27.2,27.9,618500,0
2009-12-24,27.86,28.29,27.86,28.11,261200,0
2009-12-28,28.19,28.19,27.46,27.63,460000,0
2009-12-29,27.61,27.67,27.0,27.21,617000,0
2009-12-30,27.16,27.35,26.62,26.74,715600,0
2009-12-31,26.7,26.85,25.82,25.92,847100,0
2010-01-04,26.16,27.41,26.16,27.19,824600,0
2010-01-05,27.09,27.39,26.95,27.19,406800,0
2010-01-06,27.16,27.45,27.0,27.4,428400,0
2010-01-07,27.36,28.5,27.36,28.4,831400,0
2010-01-08,28.24,28.71,28.2,28.65,819600,0
2010-01-11,28.72,29.15,28.7,28.95,703700,0
2010-01-12,28.63,28.94,28.15,28.53,584500,0
2010-01-13,27.59,28.43,27.59,28.33,899500,0
2010-01-14,28.41,28.68,28.15,28.49,834200,0
2010-01-15,28.46,28.51,27.62,27.8,1075900,0
2010-01-19,27.88,28.64,27.82,28.35,655600,0
2010-01-20,27.97,28.0,27.33,27.85,766100,0
2010-01-21,27.67,27.86,26.71,27.0,961300,0
2010-01-22,26.83,27.01,26.14,26.14,849900,0
2010-01-25,26.49,26.93,25.95,26.46,846400,0
2010-01-26,26.3,26.57,26.15,26.32,743900,0
2010-01-27,26.18,27.06,26.01,27.04,1409500,0
2010-01-28,27.21,27.21,24.69,25.49,2121800,0
2010-01-29,25.76,26.26,24.47,24.48,1714300,0
2010-02-01,24.64,25.26,24.33,25.24,920300,0
2010-02-02,25.43,26.0,25.13,25.95,910000,0
2010-02-03,25.83,26.2,25.45,25.49,792700,0
2010-02-04,25.49,25.49,25.49,25.49,1062700,0
2010-02-05,24.39,24.56,23.54,24.15,1019200,0
2010-02-08,24.13,24.36,23.45,23.86,886200,0
2010-02-09,23.57,24.49,23.57,24.31,1407000,0
2010-02-10,24.27,24.6,23.96,24.12,528900,0
2010-02-11,24.12,25.24,23.86,25.16,1017400,0
2010-02-12,24.77,25.36,24.29,25.3,1724100,0
2010-02-16,25.67,26.26,25.52,26.09,687900,0
2010-02-17,26.23,26.41,25.71,26.11,704100,0
2010-02-18,26.15,26.48,26.1,26.34,618300,0
2010-02-19,26.21,26.72,26.16,26.35,522400,0
2010-02-22,26.37,26.41,25.77,25.92,901800,0
2010-02-23,25.84,26.04,25.41,25.78,603800,0
2010-02-24,26.03,26.29,25.81,26.06,374900,0
2010-02-25,25.59,26.1,25.28,26.0,842300,0
2010-02-26,26.08,26.24,25.76,26.05,620800,0
2010-03-01,26.28,26.82,26.18,26.71,637000,0
2010-03-02,26.9,27.41,26.8,27.29,594500,0
2010-03-03,27.3,27.7,27.17,27.18,623500,0
2010-03-04,27.34,27.48,26.96,27.4,578700,0
2010-03-05,27.65,27.92,27.61,27.8,284400,0
2010-03-08,27.89,28.22,27.71,28.15,497600,0
2010-03-09,28.02,28.46,27.91,28.36,403500,0
2010-03-10,28.41,29.65,28.26,29.58,1635500,0
2010-03-11,29.3,29.8,27.22,29.5,2017800,0
2010-03-12,29.81,30.36,29.54,29.85,1663800,0
2010-03-15,29.72,30.02,29.41,29.62,632000,0
2010-03-16,29.8,29.91,29.49,29.9,641900,0
2010-03-17,30.0,30.64,29.85,30.25,929800,0
2010-03-18,30.2,30.38,29.82,29.98,306500,0
2010-03-19,30.0,30.0,28.99,29.2,745800,0
2010-03-22,28.95,29.36,28.78,29.2,582600,0
2010-03-23,29.17,29.4,28.78,29.36,751000,0
2010-03-24,29.21,29.27,28.72,28.78,568400,0
2010-03-25,29.13,29.13,28.04,28.13,847700,0
2010-03-26,28.22,28.68,28.03,28.12,701700,0
2010-03-29,28.32,28.53,28.16,28.44,691700,0
2010-03-30,28.55,28.84,28.09,28.53,899400,0
2010-03-31,28.42,28.62,28.06,28.12,394700,0
2010-04-01,28.27,28.66,28.2,28.51,602100,0
2010-04-05,28.55,29.32,28.45,29.3,836200,0
2010-04-06,29.12,29.34,28.99,29.23,441200,0
2010-04-07,29.32,30.27,29.32,30.02,1408400,0
2010-04-08,29.89,30.42,29.43,30.32,914500,0
2010-04-09,30.36,30.75,29.96,30.72,608700,0
2010-04-12,30.68,31.14,30.35,31.07,917400,0
2010-04-13,30.88,31.5,30.88,31.39,851200,0
2010-04-14,31.55,31.83,31.2,31.83,437400,0
2010-04-15,31.69,33.06,31.69,32.77,1581300,0
2010-04-16,32.7,32.89,31.81,32.2,846400,0
2010-04-19,31.95,32.18,31.4,31.64,1045700,0
2010-04-20,31.91,32.04,31.52,31.56,971200,0
2010-04-21,31.57,31.98,31.35,31.88,649500,0
2010-04-22,31.36,32.52,31.36,32.39,608000,0
2010-04-23,32.35,32.77,32.08,32.75,608000,0
2010-04-26,32.81,33.19,32.65,32.69,601800,0
2010-04-27,32.51,32.91,31.47,31.5,954600,0
2010-04-28,31.65,32.28,31.11,32.22,1203200,0
2010-04-29,33.32,34.89,33.22,33.65,2366800,0
2010-04-30,33.82,34.53,32.76,32.86,1112000,0
2010-05-03,33.02,33.88,32.81,33.81,1075400,0
2010-05-04,33.25,33.28,31.44,32.12,1152100,0
2010-05-05,31.65,31.96,30.82,30.96,1625600,0
2010-05-06,30.96,30.96,30.96,30.96,1722200,0
2010-05-07,29.74,29.84,28.28,28.38,2355600,0
2010-05-10,30.0,31.09,29.12,30.36,1671200,0
2010-05-11,29.96,31.06,29.81,30.55,1352800,0
2010-05-12,30.74,32.62,30.74,32.24,1510500,0
2010-05-13,32.15,32.86,31.98,32.23,1007100,0
2010-05-14,31.88,31.9,29.65,29.98,1434900,0
2010-05-17,30.27,30.42,28.31,29.25,2037200,0
2010-05-18,29.51,29.8,28.56,28.86,1550500,0
2010-05-19,28.67,28.86,27.43,28.04,919800,0
2010-05-20,27.03,27.13,26.1,26.13,1244100,0
2010-05-21,25.79,27.14,25.47,26.94,1338400,0
2010-05-24,28.29,28.29,26.97,27.16,1239000,0
2010-05-25,26.15,27.53,25.5,27.45,1471800,0
2010-05-26,27.68,28.38,27.1,27.29,847000,0
2010-05-27,28.1,28.42,27.87,28.41,700200,0
2010-05-28,28.81,28.97,27.72,28.21,938900,0
2010-06-01,27.83,28.25,26.91,26.91,603100,0
2010-06-02,27.15,28.7,27.06,28.65,892100,0
2010-06-03,28.53,29.01,28.08,28.54,795600,0
2010-06-04,27.68,28.08,26.95,27.06,991700,0
2010-06-07,27.2,27.43,26.29,26.38,1246600,0
2010-06-08,26.42,26.82,25.8,26.34,746500,0
2010-06-09,26.71,27.34,26.35,26.46,876600,0
2010-06-10,27.16,27.97,27.16,27.91,736000,0
2010-06-11,27.44,28.58,27.44,28.56,791600,0
2010-06-14,28.72,29.53,28.68,28.74,928700,0
2010-06-15,28.99,29.69,28.78,29.61,742500,0
2010-06-16,29.28,29.44,28.92,29.16,845600,0
2010-06-17,29.25,29.25,28.32,28.84,1108000,0
2010-06-18,28.73,29.08,28.45,28.9,681700,0
2010-06-21,29.47,29.73,28.3,28.34,982000,0
2010-06-22,28.35,28.6,27.45,27.49,671200,0
2010-06-23,27.45,27.86,26.96,27.44,790700,0
2010-06-24,27.25,27.3,26.55,26.62,475800,0
2010-06-25,26.76,26.95,26.29,26.93,1659400,0
2010-06-28,26.81,27.25,26.5,26.72,904800,0
2010-06-29,26.06,26.14,25.46,25.97,1502800,0
2010-06-30,25.83,26.29,25.31,25.43,1324400,0
2010-07-01,25.5,25.57,24.61,25.15,971000,0
2010-07-02,25.32,25.4,24.45,24.67,1134100,0
2010-07-06,25.23,25.45,24.08,24.34,883300,0
2010-07-07,24.48,25.66,24.3,25.59,1457300,0
2010-07-08,25.9,26.24,25.54,26.15,786700,0
2010-07-09,26.05,26.6,26.05,26.53,339600,0
2010-07-12,26.29,26.45,25.74,26.22,786600,0
2010-07-13,26.61,27.39,26.61,27.21,823900,0
2010-07-14,27.13,27.29,26.72,27.04,517700,0
2010-07-15,26.96,27.07,26.24,26.81,928000,0
2010-07-16,26.52,26.63,25.45,25.52,784000,0
2010-07-19,25.58,26.2,25.26,26.09,564800,0
2010-07-20,25.66,26.52,25.36,26.47,656000,0
2010-07-21,26.76,27.28,26.63,26.94,952100,0
2010-07-22,27.5,28.29,27.37,28.23,1136100,0
2010-07-23,28.06,28.95,27.89,28.8,629600,0
2010-07-26,28.99,29.09,28.36,28.91,992800,0
2010-07-27,29.17,29.23,28.43,28.64,668000,0
2010-07-28,28.63,28.89,27.95,28.12,1296300,0
2010-07-29,27.48,28.46,26.99,27.79,2366000,0
2010-07-30,27.09,27.46,26.32,27.39,1202500,0
2010-08-02,28.02,28.09,27.6,27.84,1024000,0
2010-08-03,27.61,27.81,27.17,27.58,583600,0
2010-08-04,27.77,27.99,27.55,27.87,713800,0
2010-08-05,27.68,28.43,27.65,27.93,601900,0
2010-08-06,27.32,27.75,26.93,27.2,787400,0
2010-08-09,27.51,27.6,27.15,27.56,682800,0
2010-08-10,27.16,27.8,26.99,27.5,1050000,0
2010-08-11,26.82,27.05,26.47,26.62,1066500,0
2010-08-12,26.16,26.67,25.97,26.48,872500,0
2010-08-13,26.29,26.52,26.06,26.23,365400,0
2010-08-16,25.84,26.52,25.76,26.23,553500,0
2010-08-17,26.62,27.11,26.49,26.78,567600,0
2010-08-18,26.77,27.06,26.36,26.7,561700,0
2010-08-19,26.54,26.77,25.74,26.0,601200,0
2010-08-20,25.91,26.15,25.57,26.06,476400,0
2010-08-23,26.23,26.46,25.42,25.48,588800,0
2010-08-24,25.18,25.23,24.61,24.82,1174300,0
2010-08-25,24.5,25.08,24.28,25.05,870900,0
2010-08-26,25.14,25.53,25.08,25.25,1174500,0
2010-08-27,25.55,26.0,25.04,25.8,718300,0
2010-08-30,25.72,25.92,25.25,25.28,326500,0
2010-08-31,25.18,25.58,25.0,25.2,602100,0
2010-09-01,25.72,26.23,25.53,26.08,1014700,0
2010-09-02,26.31,26.62,26.07,26.62,580000,0
2010-09-03,27.07,27.44,26.83,27.23,536300,0
2010-09-07,27.14,27.34,26.68,26.78,546800,0
2010-09-08,26.79,27.43,26.79,27.08,245300,0
2010-09-09,27.51,27.51,26.94,27.07,227100,0
2010-09-10,27.17,27.6,26.99,27.33,239300,0
2010-09-13,27.7,28.29,27.61,28.08,423300,0
2010-09-14,27.95,28.54,27.93,28.37,548800,0
2010-09-15,28.11,28.7,27.77,28.64,633600,0
2010-09-16,28.47,29.09,28.47,28.98,888800,0
2010-09-17,29.16,29.81,28.99,29.67,1006200,0
2010-09-20,29.74,30.71,29.7,30.62,804000,0
2010-09-21,30.55,30.76,30.27,30.4,347900,0
2010-09-22,30.21,30.94,29.91,29.97,433800,0
2010-09-23,29.73,31.02,29.56,30.15,649600,0
2010-09-24,30.54,31.3,30.23,31.18,530600,0
2010-09-27,31.18,31.2,30.81,31.12,569700,0
2010-09-28,31.19,31.8,30.76,31.75,770700,0
2010-09-29,31.59,31.59,30.2,30.55,1140800,0
2010-09-30,30.82,31.34,30.49,30.93,702000,0
2010-10-01,31.31,31.56,30.86,31.19,823000,0
2010-10-04,31.07,31.35,30.35,30.67,395600,0
2010-10-05,31.13,31.84,31.13,31.79,938700,0
2010-10-06,31.78,32.29,31.73,32.25,868900,0
2010-10-07,32.33,32.5,32.1,32.41,758900,0
2010-10-08,32.34,32.82,32.1,32.72,398500,0
2010-10-11,32.6,32.84,31.75,32.41,598700,0
2010-10-12,32.38,32.38,31.67,32.2,789000,0
2010-10-13,32.48,33.06,32.16,32.8,773300,0
2010-10-14,32.79,33.16,32.23,32.84,1085300,0
2010-10-15,33.17,33.24,32.35,32.79,844900,0
2010-10-18,32.68,33.19,32.55,33.17,428800,0
2010-10-19,32.59,33.84,32.59,33.04,1109700,0
2010-10-20,33.04,33.81,33.04,33.69,643000,0
2010-10-21,33.78,34.3,33.35,33.85,591900,0
2010-10-22,33.99,34.02,33.56,33.81,271500,0
2010-10-25,34.04,34.46,33.75,33.8,419100,0
2010-10-26,33.52,33.79,33.26,33.48,685300,0
2010-10-27,33.15,33.48,32.57,33.43,1177500,0
2010-10-28,34.95,35.19,33.53,34.47,2332700,0
2010-10-29,34.43,34.51,34.08,34.14,1234300,0
2010-11-01,34.53,34.74,33.87,34.2,724600,0
2010-11-02,34.52,34.62,33.73,33.84,968700,0
2010-11-03,33.85,33.85,32.8,33.3,1431400,0
2010-11-04,33.65,34.99,33.55,34.93,898000,0
2010-11-05,34.85,35.23,34.78,35.19,401200,0
2010-11-08,34.93,35.32,34.72,35.31,432400,0
2010-11-09,35.4,35.43,34.49,34.67,300700,0
2010-11-10,34.66,34.99,34.27,34.95,198600,0
2010-11-11,34.51,35.06,34.42,34.69,359500,0
2010-11-12,34.37,34.41,33.54,33.85,531200,0
2010-11-15,34.13,34.36,33.7,33.92,561900,0
2010-11-16,33.57,33.63,32.46,32.7,743600,0
2010-11-17,32.79,33.01,32.49,32.79,480200,0
2010-11-18,33.24,33.83,33.23,33.42,344200,0
2010-11-19,33.33,33.77,33.11,33.66,252700,0
2010-11-22,33.25,34.07,33.25,34.06,337900,0
2010-11-23,33.52,33.68,32.84,33.23,346400,0
2010-11-24,33.45,34.45,33.45,34.42,291300,0
2010-11-26,34.02,34.31,33.88,33.93,134200,0
2010-11-29,33.51,33.87,32.88,33.72,374900,0
2010-11-30,33.27,33.95,33.17,33.82,466500,0
2010-12-01,34.57,35.4,34.48,35.23,542400,0
2010-12-02,35.21,36.66,35.19,36.47,703100,0
2010-12-03,36.22,36.91,36.09,36.8,270600,0
2010-12-06,36.67,37.32,36.58,37.08,387100,0
2010-12-07,37.63,37.93,37.33,37.56,616500,0
2010-12-08,37.8,38.15,37.42,37.49,510800,0
2010-12-09,37.69,38.17,37.39,37.52,340300,0
2010-12-10,37.62,38.48,37.49,38.24,513400,0
2010-12-13,38.46,38.92,38.12,38.38,558400,0
2010-12-14,38.55,39.68,38.4,39.38,927900,0
2010-12-15,39.26,39.59,38.27,38.33,879200,0
2010-12-16,38.33,38.55,37.99,38.01,629400,0
2010-12-17,38.17,38.21,37.76,37.85,1050600,0
2010-12-20,37.92,37.98,37.3,37.46,833700,0
2010-12-21,37.78,38.6,37.62,38.52,463100,0
2010-12-22,38.54,38.82,38.22,38.49,344300,0
2010-12-23,38.54,39.28,38.54,38.94,609000,0
2010-12-27,38.66,39.05,38.62,39.0,223300,0
2010-12-28,39.04,39.17,38.8,39.04,295100,0
2010-12-29,39.07,39.21,38.82,38.92,354300,0
2010-12-30,38.91,39.34,38.77,39.25,486100,0
2010-12-31,39.15,39.81,39.03,39.46,572000,0
2011-01-03,40.12,41.53,40.12,40.76,822900,0
2011-01-04,40.67,40.9,39.7,40.38,829000,0
2011-01-05,40.62,41.17,40.38,40.44,778100,0
2011-01-06,40.38,40.86,40.3,40.46,762200,0
2011-01-07,40.54,41.13,40.1,40.4,449700,0
2011-01-10,40.15,41.04,39.73,40.79,350500,0
2011-01-11,41.11,41.66,40.87,41.26,370600,0
2011-01-12,41.69,42.66,41.53,42.5,663500,0
2011-01-13,42.58,42.59,42.17,42.36,454600,0
2011-01-14,42.2,42.72,42.03,42.71,529000,0
2011-01-18,42.86,44.01,42.83,44.01,851300,0
2011-01-19,43.89,44.11,42.67,42.91,532500,0
2011-01-20,42.69,42.76,41.59,42.28,821100,0
2011-01-21,41.94,42.4,41.21,41.61,946300,0
2011-01-24,41.6,42.59,41.32,42.45,592000,0
2011-01-25,42.24,42.61,41.63,42.46,647600,0
2011-01-26,42.6,43.22,42.23,42.8,1130200,0
2011-01-27,42.71,42.74,40.31,41.51,1652100,0
2011-01-28,41.51,41.51,39.69,40.04,1314900,0
2011-01-31,40.32,41.11,40.18,40.6,753400,0
2011-02-01,41.13,41.72,40.69,41.28,1228100,0
2011-02-02,40.89,40.89,39.54,39.63,2037800,0
2011-02-03,39.51,40.1,39.25,39.5,1353000,0
2011-02-04,39.53,40.27,39.32,40.01,1078800,0
2011-02-07,40.11,40.93,40.01,40.6,920500,0
2011-02-08,40.54,40.93,40.33,40.48,668000,0
2011-02-09,40.3,40.38,39.5,40.26,838100,0
2011-02-10,39.92,40.9,39.92,40.81,421100,0
2011-02-11,40.55,41.5,40.55,41.34,451800,0
2011-02-14,41.28,41.59,41.0,41.49,1205300,0
2011-02-15,41.35,41.6,41.11,41.18,840300,0
2011-02-16,41.38,41.54,40.94,41.09,411700,0
2011-02-17,40.8,40.91,40.3,40.55,1049900,0
2011-02-18,40.61,41.06,40.2,40.51,893400,0
2011-02-22,39.83,40.25,38.84,39.01,1162000,0
2011-02-23,38.92,39.21,37.18,37.79,1140400,0
2011-02-24,37.74,38.06,37.09,37.35,1648300,0
2011-02-25,37.65,38.17,37.23,38.02,1073800,0
2011-02-28,38.19,38.67,38.13,38.46,757500,0
2011-03-01,38.61,38.89,37.87,37.98,999300,0
2011-03-02,37.94,38.82,37.85,38.39,543500,0
2011-03-03,38.89,39.88,38.89,39.62,660200,0
2011-03-04,39.67,39.74,38.26,38.62,568100,0
2011-03-07,38.85,39.01,37.57,37.8,609600,0
2011-03-08,37.93,38.68,37.63,38.23,527800,0
2011-03-09,38.29,38.29,37.5,38.02,681200,0
2011-03-10,37.42,37.73,37.21,37.46,761600,0
2011-03-11,36.97,37.98,36.97,37.8,542000,0
2011-03-14,37.38,38.05,37.35,37.92,959400,0
2011-03-15,36.75,38.07,36.57,37.7,956300,0
2011-03-16,37.54,38.24,37.22,37.49,1341900,0
2011-03-17,38.2,38.28,37.86,38.0,612500,0
2011-03-18,38.59,38.88,38.25,38.54,803300,0
2011-03-21,39.2,40.18,39.08,39.81,598400,0
2011-03-22,39.85,40.04,39.07,39.2,776000,0
2011-03-23,39.11,39.11,38.34,38.75,650200,0
2011-03-24,39.03,39.05,38.25,38.84,575100,0
2011-03-25,39.03,39.08,38.77,38.92,609000,0
2011-03-28,38.94,39.24,38.68,38.69,635400,0
2011-03-29,38.57,39.1,37.97,39.06,660400,0
2011-03-30,39.36,39.52,38.9,38.93,1121200,0
2011-03-31,38.91,39.16,38.65,39.0,1600000,0
2011-04-01,39.25,39.35,38.59,38.8,1488300,0
2011-04-04,38.93,38.99,38.64,38.8,1188600,0
2011-04-05,38.7,39.0,38.32,38.67,1163400,0
2011-04-06,39.2,39.99,39.02,39.82,2059700,0
2011-04-07,39.9,40.75,39.76,39.84,1274800,0
2011-04-08,40.08,40.37,38.52,39.02,837000,0
2011-04-11,39.06,39.13,38.48,38.73,739400,0
2011-04-12,38.4,38.59,37.9,38.23,1086600,0
2011-04-13,38.49,38.86,38.24,38.61,999100,0
2011-04-14,38.45,39.35,38.44,38.7,1218100,0
2011-04-15,38.61,38.85,38.08,38.64,900400,0
2011-04-18,38.05,38.14,37.5,37.86,811000,0
2011-04-19,37.93,38.89,37.93,38.83,712600,0
2011-04-20,39.7,39.81,39.36,39.7,607300,0
2011-04-21,40.04,40.21,39.75,40.2,540100,0
2011-04-25,40.65,40.75,40.1,40.3,742000,0
2011-04-26,40.74,41.68,40.62,41.6,1009300,0
2011-04-27,41.66,41.98,41.0,41.92,1232500,0
2011-04-28,43.13,43.48,41.07,41.27,1757600,0
2011-04-29,41.45,42.34,41.38,42.22,1232900,0
2011-05-02,42.33,42.6,41.52,41.77,748700,0
2011-05-03,41.61,41.86,41.25,41.4,1111100,0
2011-05-04,41.38,41.38,39.89,39.89,1304100,0
2011-05-05,39.51,40.14,39.12,39.73,1523700,0
2011-05-06,40.11,40.53,39.23,39.44,986400,0
2011-05-09,39.25,40.54,39.24,39.98,520100,0
2011-05-10,40.21,41.24,40.16,41.07,777300,0
2011-05-11,40.94,40.94,39.55,40.37,978400,0
2011-05-12,40.17,40.54,39.66,40.41,631000,0
2011-05-13,40.41,40.63,39.96,40.27,756800,0
2011-05-16,40.24,41.04,40.06,40.64,1241800,0
2011-05-17,40.4,40.4,39.33,39.53,875500,0
2011-05-18,39.55,40.33,39.14,40.3,746300,0
2011-05-19,40.53,40.92,40.29,40.49,597400,0
2011-05-20,40.36,40.87,39.91,40.36,1386100,0
2011-05-23,39.93,40.15,39.37,40.0,1223800,0
2011-05-24,40.18,40.39,39.56,39.89,833400,0
2011-05-25,39.79,40.79,39.69,40.67,934900,0
2011-05-26,40.57,41.16,40.36,41.07,1178700,0
2011-05-27,41.22,41.9,41.19,41.64,793100,0
2011-05-31,42.0,42.23,41.27,41.73,1320500,0
2011-06-01,41.23,41.47,40.34,40.65,2235200,0
2011-06-02,40.68,41.12,40.3,40.48,1386600,0
2011-06-03,39.67,40.28,39.42,39.49,922600,0
2011-06-06,39.45,39.8,38.52,38.76,844900,0
2011-06-07,39.08,39.18,38.63,38.91,598800,0
2011-06-08,38.74,39.01,38.25,38.29,715100,0
2011-06-09,38.4,39.03,38.22,38.8,696600,0
2011-06-10,38.51,38.76,37.65,37.79,689600,0
2011-06-13,37.83,38.03,37.38,37.82,533200,0
2011-06-14,38.61,39.43,38.5,39.35,1214300,0
2011-06-15,38.89,39.61,38.57,38.8,944800,0
2011-06-16,38.81,38.87,38.04,38.49,573800,0
2011-06-17,38.98,38.98,38.34,38.54,839600,0
2011-06-20,38.43,38.8,38.13,38.71,740900,0
2011-06-21,39.05,40.0,39.0,39.91,663200,0
2011-06-22,39.74,41.26,39.7,40.61,1160100,0
2011-06-23,39.95,40.73,39.2,40.63,735200,0
2011-06-24,40.7,40.84,39.7,39.9,1041400,0
2011-06-27,39.9,40.32,39.6,39.93,513200,0
2011-06-28,40.17,40.88,40.04,40.78,336100,0
2011-06-29,41.0,41.32,40.48,41.09,531800,0
2011-06-30,41.18,42.24,41.17,42.21,642600,0
2011-07-01,42.41,43.94,42.28,43.78,1253100,0
2011-07-05,43.81,44.08,43.28,43.88,733500,0
2011-07-06,43.89,44.17,43.04,44.16,675600,0
2011-07-07,44.66,45.26,44.58,44.97,1095000,0
2011-07-08,44.21,44.69,43.88,44.68,697600,0
2011-07-11,44.02,44.29,43.5,43.74,741300,0
2011-07-12,43.67,43.84,42.81,42.93,1073300,0
2011-07-13,43.22,44.1,43.21,43.34,1343200,0
2011-07-14,43.48,43.78,42.38,42.59,571900,0
2011-07-15,42.9,44.48,42.8,44.43,1149900,0
2011-07-18,44.15,44.29,43.21,43.64,583300,0
2011-07-19,44.13,45.66,44.11,45.36,1289500,0
2011-07-20,45.38,45.47,44.48,44.67,711800,0
2011-07-21,44.83,45.55,44.61,44.99,658600,0
2011-07-22,44.74,44.86,44.13,44.4,585600,0
2011-07-25,43.78,44.65,43.68,44.25,817000,0
2011-07-26,44.21,44.21,43.18,43.26,841000,0
2011-07-27,43.0,43.22,40.52,41.01,2650700,0
2011-07-28,41.75,42.49,39.53,39.66,2180400,0
2011-07-29,39.05,40.15,38.72,39.43,1243600,0
2011-08-01,40.07,40.13,38.56,38.95,1251800,0
2011-08-02,38.52,38.91,36.47,36.54,1886900,0
2011-08-03,36.54,36.82,35.31,36.69,1383600,0
2011-08-04,35.86,36.23,33.97,34.17,2379000,0
2011-08-05,34.63,34.65,32.6,33.5,2561300,0
2011-08-08,32.03,32.68,30.53,30.56,1906000,0
2011-08-09,31.38,33.2,30.66,33.17,2350200,0
2011-08-10,32.19,33.56,31.76,31.79,1656100,0
2011-08-11,32.03,34.41,31.98,33.84,1558400,0
2011-08-12,34.68,35.34,34.17,34.92,1235300,0
2011-08-15,35.47,35.92,35.16,35.61,837000,0
2011-08-16,35.11,35.5,34.24,34.36,1139600,0
2011-08-17,34.59,34.92,33.73,33.97,839900,0
2011-08-18,32.63,32.65,31.28,31.59,1429900,0
2011-08-19,30.97,32.37,30.73,30.77,690600,0
2011-08-22,31.79,31.91,30.93,31.07,811700,0
2011-08-23,31.31,32.9,30.78,32.86,605200,0
2011-08-24,32.66,34.0,32.64,33.9,716100,0
2011-08-25,34.34,34.53,32.92,33.0,1080600,0
2011-08-26,32.72,34.34,32.21,34.25,665100,0
2011-08-29,34.93,36.06,34.87,35.98,616300,0
2011-08-30,35.76,36.4,35.31,36.08,644700,0
2011-08-31,36.49,37.66,36.4,36.86,1041000,0
2011-09-01,36.83,37.31,35.31,35.58,663900,0
2011-09-02,34.88,34.93,33.7,34.04,610500,0
2011-09-06,32.59,33.36,32.07,33.26,826400,0
2011-09-07,33.95,34.67,33.8,34.62,549400,0
2011-09-08,34.26,34.98,33.94,34.28,646500,0
2011-09-09,33.75,34.37,32.49,32.73,787400,0
2011-09-12,32.3,32.89,31.39,32.42,513400,0
2011-09-13,32.59,33.63,32.53,33.54,980700,0
2011-09-14,33.77,35.7,33.6,35.09,1405400,0
2011-09-15,35.53,36.81,35.01,36.21,1449800,0
2011-09-16,36.39,36.68,35.5,35.92,741200,0
2011-09-19,35.05,35.91,34.56,35.61,705000,0
2011-09-20,35.71,36.04,34.74,34.81,1059100,0
2011-09-21,34.66,34.77,32.41,32.43,717700,0
2011-09-22,31.15,31.65,30.54,30.97,1312100,0
2011-09-23,31.09,32.66,30.95,32.26,1063400,0
2011-09-26,32.7,33.83,31.28,33.69,1240200,0
2011-09-27,34.69,35.88,34.35,34.71,1117800,0
2011-09-28,34.68,34.69,32.56,32.8,1038500,0
2011-09-29,33.88,34.2,32.53,33.54,585100,0
2011-09-30,32.77,33.74,32.26,32.74,847400,0
2011-10-03,32.46,33.29,29.54,29.93,1667000,0
2011-10-04,29.41,31.03,29.3,30.98,1800000,0
2011-10-05,31.21,32.8,30.95,32.54,937000,0
2011-10-06,32.57,34.43,32.55,34.17,1034900,0
2011-10-07,34.51,34.79,33.71,34.0,1061400,0
2011-10-10,35.01,35.67,34.82,35.63,602100,0
2011-10-11,35.21,36.05,35.21,35.76,651700,0
2011-10-12,36.25,37.28,36.14,36.75,585800,0
2011-10-13,36.33,37.0,35.7,36.46,726900,0
2011-10-14,37.15,37.49,36.42,37.06,443800,0
2011-10-17,36.84,36.93,35.07,35.2,989500,0
2011-10-18,35.48,36.39,34.4,36.14,1512000,0
2011-10-19,36.17,36.83,35.51,35.69,690800,0
2011-10-20,35.89,36.16,34.96,35.97,514500,0
2011-10-21,36.57,37.16,36.35,37.09,501300,0
2011-10-24,37.33,39.5,37.33,38.96,881600,0
2011-10-25,38.66,38.7,37.44,37.51,1904800,0
2011-10-26,38.15,38.71,36.83,38.4,1448100,0
2011-10-27,40.0,40.55,38.43,39.67,1598600,0
2011-10-28,39.86,40.46,39.09,39.95,1078300,0
2011-10-31,38.95,39.88,38.86,38.89,962500,0
2011-11-01,37.48,38.3,36.73,37.17,1220200,0
2011-11-02,37.89,38.85,37.67,38.68,769800,0
2011-11-03,39.4,40.77,39.07,40.54,1218400,0
2011-11-04,39.69,40.42,39.17,40.31,608200,0
2011-11-07,40.5,40.65,39.5,40.42,840300,0
2011-11-08,40.92,41.15,39.01,40.27,721800,0
2011-11-09,38.96,39.37,37.89,38.05,655500,0
2011-11-10,38.85,38.88,37.97,38.23,760400,0
2011-11-11,38.97,39.99,38.78,39.5,487200,0
2011-11-14,39.5,39.52,36.39,37.4,2667700,0
2011-11-15,36.67,37.18,35.91,36.81,1647800,0
2011-11-16,36.33,37.67,36.25,37.3,1068500,0
2011-11-17,37.1,37.17,36.38,36.82,1649700,0
2011-11-18,37.01,37.2,36.4,37.0,1017100,0
2011-11-21,36.12,36.5,35.66,36.37,1215600,0
2011-11-22,36.02,36.25,35.06,35.52,907200,0
2011-11-23,35.0,35.11,33.84,33.85,1348500,0
2011-11-25,33.53,34.53,33.47,34.05,395800,0
2011-11-28,35.48,36.15,35.42,36.15,971100,0
2011-11-29,36.22,36.41,35.5,35.96,758300,0
2011-11-30,37.57,38.4,37.57,38.11,985100,0
2011-12-01,37.87,38.4,37.5,37.6,726100,0
2011-12-02,38.22,38.45,37.87,37.97,892100,0
2011-12-05,38.45,39.23,38.32,38.61,837800,0
2011-12-06,38.56,39.53,38.43,39.1,940500,0
2011-12-07,38.68,39.04,38.28,38.61,1080400,0
2011-12-08,38.11,38.26,36.91,37.1,819400,0
2011-12-09,37.25,37.98,37.0,37.6,1004300,0
2011-12-12,36.96,37.15,36.18,36.9,890700,0
2011-12-13,37.3,37.64,36.07,36.34,781000,0
2011-12-14,36.0,36.19,35.18,35.69,914500,0
2011-12-15,36.27,36.27,35.12,35.61,1167800,0
2011-12-16,36.02,36.99,35.65,35.77,834800,0
2011-12-19,36.03,36.34,34.47,34.65,620300,0
2011-12-20,35.48,36.77,35.48,36.07,624400,0
2011-12-21,35.99,36.32,35.51,36.18,442600,0
2011-12-22,36.32,36.6,35.78,36.07,357900,0
2011-12-23,36.24,36.7,35.97,36.59,168700,0
2011-12-27,36.4,36.89,36.25,36.63,198600,0
2011-12-28,36.49,36.59,35.35,35.45,276100,0
2011-12-29,35.45,36.67,35.45,36.59,595100,0
2011-12-30,36.49,36.57,36.2,36.52,595400,0
2012-01-03,37.61,38.11,37.29,37.43,932400,0
2012-01-04,37.27,38.45,37.04,37.98,736700,0
2012-01-05,37.57,38.85,37.17,38.79,681700,0
2012-01-06,38.74,39.02,38.2,38.2,427500,0
2012-01-09,38.27,38.95,38.15,38.75,343700,0
2012-01-10,39.36,39.9,39.18,39.88,610000,0
2012-01-11,39.59,40.48,39.5,40.14,725200,0
2012-01-12,40.41,41.08,40.05,41.04,694100,0
2012-01-13,40.49,41.47,40.34,41.23,589600,0
2012-01-17,41.89,43.72,41.87,42.57,1266800,0
2012-01-18,42.49,43.55,42.45,43.34,773100,0
2012-01-19,43.64,43.72,42.93,43.04,625800,0
2012-01-20,42.68,42.68,41.4,41.99,992400,0
2012-01-23,42.08,42.69,41.75,41.98,567900,0
2012-01-24,41.73,43.49,41.61,43.34,983600,0
2012-01-25,43.13,44.0,42.97,43.85,759000,0
2012-01-26,44.89,46.21,43.05,43.5,1213300,0
2012-01-27,43.71,43.99,43.2,43.51,785800,0
2012-01-30,42.96,44.05,42.85,43.81,747900,0
2012-01-31,44.0,44.0,43.11,43.11,931800,0
2012-02-01,43.39,44.21,43.38,43.84,943600,0
2012-02-02,43.98,44.1,43.29,43.41,682800,0
2012-02-03,44.01,44.93,44.01,44.53,432200,0
2012-02-06,44.08,44.67,43.74,44.24,558200,0
2012-02-07,44.25,44.99,43.94,44.72,706000,0
2012-02-08,44.88,45.25,44.85,44.99,905000,0
2012-02-09,45.01,45.44,44.83,45.19,651500,0
2012-02-10,44.62,44.8,43.76,43.98,657600,0
2012-02-13,44.5,45.36,44.24,45.36,535500,0
2012-02-14,45.17,46.0,44.73,45.96,821000,0
2012-02-15,46.0,46.66,44.9,45.15,826600,0
2012-02-16,45.06,46.45,45.0,46.1,692500,0
2012-02-17,46.41,46.73,45.77,46.08,368600,0
2012-02-21,46.04,46.73,45.68,46.01,606400,0
2012-02-22,45.75,46.64,45.66,45.95,540400,0
2012-02-23,45.79,46.01,45.2,45.74,432500,0
2012-02-24,45.76,46.36,45.56,45.75,367600,0
2012-02-27,45.47,45.77,44.9,45.49,408200,0
2012-02-28,45.43,46.0,44.92,45.85,372500,0
2012-02-29,46.02,46.65,45.8,46.07,1043300,0
2012-03-01,46.3,47.22,46.21,46.58,849700,0
2012-03-02,46.57,47.31,45.85,46.11,742500,0
2012-03-05,45.95,46.19,45.53,45.8,486600,0
2012-03-06,45.02,45.23,43.86,44.12,512300,0
2012-03-07,44.22,44.38,43.87,43.97,865900,0
2012-03-08,44.47,45.31,44.21,45.09,421300,0
2012-03-09,45.16,45.68,45.07,45.19,666300,0
2012-03-12,45.12,45.43,45.09,45.18,273600,0
2012-03-13,45.48,46.44,45.1,46.43,601000,0
2012-03-14,46.7,47.03,46.45,46.8,972200,0
2012-03-15,47.06,47.74,46.9,47.51,661000,0
2012-03-16,47.36,47.82,46.92,46.95,614000,0
2012-03-19,46.92,47.05,46.46,46.79,402200,0
2012-03-20,46.54,46.65,45.16,45.57,875300,0
2012-03-21,45.69,45.76,45.19,45.65,693100,0
2012-03-22,45.13,45.24,43.64,44.11,1092300,0
2012-03-23,44.26,44.29,43.66,44.24,635400,0
2012-03-26,44.9,45.17,44.57,44.92,398500,0
2012-03-27,44.99,45.05,44.68,44.69,530200,0
2012-03-28,44.54,44.91,43.83,44.24,532300,0
2012-03-29,43.93,44.74,43.85,44.61,337900,0
2012-03-30,45.03,45.03,44.5,44.53,364200,0
2012-04-02,44.42,45.41,44.01,44.85,562200,0
2012-04-03,44.79,45.02,44.22,44.77,729500,0
2012-04-04,44.15,44.6,43.52,43.94,772000,0
2012-04-05,43.78,45.32,43.4,44.59,862100,0
2012-04-09,43.66,43.9,43.2,43.74,602500,0
2012-04-10,43.61,43.61,42.7,42.93,889100,0
2012-04-11,43.63,44.06,43.24,43.36,644200,0
2012-04-12,43.38,44.58,43.38,44.37,428900,0
2012-04-13,44.1,44.31,43.62,43.7,438200,0
2012-04-16,44.02,44.44,43.64,43.88,489900,0
2012-04-17,44.42,45.15,44.3,44.8,398000,0
2012-04-18,44.63,44.85,44.37,44.51,309300,0
2012-04-19,44.5,44.92,43.53,43.77,495100,0
2012-04-20,44.11,45.08,44.1,44.61,504800,0
2012-04-23,43.89,43.91,43.32,43.7,743900,0
2012-04-24,43.79,44.84,43.79,44.79,592200,0
2012-04-25,45.34,46.24,45.22,46.18,1134600,0
2012-04-26,45.81,45.81,41.68,42.56,3010500,0
2012-04-27,41.76,42.8,41.36,42.57,1043900,0
2012-04-30,42.55,42.61,41.93,42.23,985300,0
2012-05-01,42.2,42.78,41.57,42.0,812700,0
2012-05-02,41.56,42.39,41.37,42.09,875500,0
2012-05-03,42.07,42.25,41.35,41.54,487500,0
2012-05-04,41.03,41.38,40.36,40.95,861200,0
2012-05-07,40.73,41.0,40.15,40.27,626000,0
2012-05-08,39.86,39.91,39.02,39.4,1782400,0
2012-05-09,38.81,39.86,38.6,39.27,980500,0
2012-05-10,39.51,39.84,39.11,39.25,663600,0
2012-05-11,38.85,39.5,38.81,39.0,707100,0
2012-05-14,38.29,38.43,37.45,37.51,1387800,0
2012-05-15,36.56,37.5,36.56,37.07,1741300,0
2012-05-16,37.24,37.33,36.33,36.35,907900,0
2012-05-17,36.33,36.38,34.82,34.86,1184500,0
2012-05-18,35.15,35.53,34.73,34.84,1201600,0
2012-05-21,35.0,36.0,34.88,35.45,1526000,0
2012-05-22,35.57,35.86,35.19,35.43,1385300,0
2012-05-23,35.0,35.88,34.58,35.73,689000,0
2012-05-24,35.92,36.27,35.61,36.18,925400,0
2012-05-25,36.12,36.24,35.48,35.64,471900,0
2012-05-29,36.0,36.72,36.0,36.19,651800,0
2012-05-30,35.8,35.87,35.39,35.64,423100,0
2012-05-31,35.41,35.5,34.13,34.76,1505800,0
2012-06-01,34.04,34.18,33.29,33.99,1643600,0
2012-06-04,33.97,34.26,33.09,33.78,670400,0
2012-06-05,33.65,34.22,33.28,33.77,1111600,0
2012-06-06,34.16,35.28,34.15,35.21,1140900,0
2012-06-07,35.73,36.09,34.7,34.83,843300,0
2012-06-08,34.76,35.05,34.44,34.82,691800,0
2012-06-11,35.29,35.36,33.79,33.92,1096000,0
2012-06-12,34.1,34.75,33.94,34.55,1284300,0
2012-06-13,34.25,34.25,32.94,33.09,1245400,0
2012-06-14,32.77,33.22,32.05,32.31,2296900,0
2012-06-15,32.25,32.41,31.24,31.57,2080500,0
2012-06-18,31.34,32.02,31.23,31.87,1337100,0
2012-06-19,32.24,33.44,32.09,32.99,1368400,0
2012-06-20,32.89,32.94,32.27,32.37,812200,0
2012-06-21,32.46,32.54,31.8,31.81,1049200,0
2012-06-22,31.89,32.03,31.37,31.5,1073300,0
2012-06-25,31.0,31.15,30.65,30.89,597800,0
2012-06-26,30.93,31.58,30.93,31.46,1117200,0
2012-06-27,31.43,31.87,31.25,31.43,858000,0
2012-06-28,31.11,31.79,31.1,31.78,827700,0
2012-06-29,32.64,33.3,32.64,33.15,869500,0
2012-07-02,33.11,33.2,32.06,32.21,806800,0
2012-07-03,32.16,33.4,32.11,33.36,351400,0
2012-07-05,33.26,34.02,33.17,33.91,667800,0
2012-07-06,33.4,33.45,32.72,32.86,470000,0
2012-07-09,32.84,33.36,32.55,33.3,641200,0
2012-07-10,33.6,33.88,32.16,32.38,804200,0
2012-07-11,32.28,32.66,31.95,32.19,738500,0
2012-07-12,31.85,32.88,31.62,32.71,852400,0
2012-07-13,32.84,33.62,32.84,33.47,531400,0
2012-07-16,33.25,33.41,32.88,33.21,338800,0
2012-07-17,33.43,33.85,33.02,33.64,397100,0
2012-07-18,33.19,34.55,32.91,34.04,583900,0
2012-07-19,34.23,34.72,34.19,34.65,481000,0
2012-07-20,34.32,34.48,33.8,33.96,494500,0
2012-07-23,33.16,34.32,32.89,34.25,673900,0
2012-07-24,34.22,34.22,32.9,33.27,734900,0
2012-07-25,33.57,33.77,32.65,33.56,1130000,0
2012-07-26,35.2,38.07,34.09,35.93,2048600,0
2012-07-27,36.05,38.0,35.44,37.79,946000,0
2012-07-30,37.7,38.08,37.09,37.56,610100,0
2012-07-31,37.55,37.81,36.47,36.9,947600,0
2012-08-01,37.14,37.69,36.61,36.76,621900,0
2012-08-02,36.39,37.2,35.41,35.93,791700,0
2012-08-03,36.7,37.24,36.5,37.01,483000,0
2012-08-06,37.16,37.95,37.12,37.13,413000,0
2012-08-07,37.49,38.38,37.43,37.93,441000,0
2012-08-08,37.86,38.3,37.31,38.14,300200,0
2012-08-09,37.67,38.38,37.38,37.65,623200,0
2012-08-10,37.28,37.54,36.83,37.3,707400,0
2012-08-13,37.2,37.33,36.26,36.93,821500,0
2012-08-14,36.66,36.66,35.28,35.9,1581700,0
2012-08-15,35.76,36.4,35.66,36.25,724800,0
2012-08-16,36.35,37.4,36.26,37.29,496400,0
2012-08-17,37.35,37.84,37.15,37.75,466100,0
2012-08-20,37.45,37.66,37.05,37.26,537200,0
2012-08-21,37.44,38.45,37.29,37.83,706600,0
2012-08-22,37.74,37.79,36.53,37.21,1015200,0
2012-08-23,37.17,37.42,36.34,36.65,776900,0
2012-08-24,36.54,37.07,36.12,36.8,570800,0
2012-08-27,36.98,37.04,36.37,36.56,431700,0
2012-08-28,36.47,36.79,36.28,36.41,316000,0
2012-08-29,36.38,36.74,35.96,36.7,441200,0
2012-08-30,36.4,36.68,35.83,35.98,521100,0
2012-08-31,36.37,36.93,36.05,36.84,627800,0
2012-09-04,36.73,37.09,36.13,36.98,590500,0
2012-09-05,36.92,37.22,36.38,36.62,503500,0
2012-09-06,37.05,38.47,37.0,38.19,917100,0
2012-09-07,38.36,39.31,38.23,39.25,1026100,0
2012-09-10,39.07,39.39,38.64,38.7,699700,0
2012-09-11,39.16,40.23,38.8,38.94,503300,0
2012-09-12,39.16,39.55,38.64,39.27,572700,0
2012-09-13,39.23,39.51,38.17,39.04,1105500,0
2012-09-14,39.38,40.95,39.32,39.67,908300,0
2012-09-17,39.7,39.77,38.52,38.77,774000,0
2012-09-18,38.71,38.98,38.36,38.54,490500,0
2012-09-19,38.91,39.42,38.55,39.11,737500,0
2012-09-20,38.68,38.73,37.64,38.13,1000400,0
2012-09-21,38.61,38.79,37.87,37.87,1091200,0
2012-09-24,37.87,38.07,37.49,37.69,740900,0
2012-09-25,37.71,37.79,36.74,36.74,554500,0
2012-09-26,36.77,36.77,35.72,36.65,863600,0
2012-09-27,36.77,37.52,36.66,37.43,712600,0
2012-09-28,37.13,37.33,36.69,37.08,550400,0
2012-10-01,37.14,37.81,36.0,36.49,1626700,0
2012-10-02,36.71,36.81,35.81,36.09,587400,0
2012-10-03,36.21,36.64,35.85,36.25,345800,0
2012-10-04,36.47,36.72,36.2,36.69,271300,0
2012-10-05,36.9,37.61,36.84,37.03,531400,0
2012-10-08,36.69,36.85,36.51,36.63,422300,0
2012-10-09,36.58,36.77,36.31,36.54,650800,0
2012-10-10,36.25,36.42,35.84,36.1,1652100,0
2012-10-11,36.54,36.59,35.96,36.07,483900,0
2012-10-12,36.17,36.5,35.88,36.09,763100,0
2012-10-15,36.1,36.32,35.79,36.08,591600,0
2012-10-16,36.4,36.8,36.32,36.8,618800,0
2012-10-17,36.85,37.64,36.79,37.5,638800,0
2012-10-18,37.37,37.88,37.2,37.79,531100,0
2012-10-19,37.39,37.39,36.64,37.21,1070500,0
2012-10-22,36.97,37.15,36.38,36.73,1081300,0
2012-10-23,36.16,37.73,36.02,36.91,2429300,0
2012-10-24,34.41,35.2,33.95,34.44,6349100,0
2012-10-25,34.67,35.16,34.24,34.47,1763000,0
2012-10-26,34.42,34.9,34.19,34.79,916400,0
2012-10-31,34.89,35.55,34.77,35.42,974700,0
2012-11-01,36.0,37.05,35.63,37.0,1607100,0
2012-11-02,37.25,37.29,36.26,36.28,774800,0
2012-11-05,36.25,36.61,36.08,36.39,1130400,0
2012-11-06,36.66,37.4,36.43,37.13,837400,0
2012-11-07,35.26,36.57,34.91,35.29,1099300,0
2012-11-08,35.29,35.55,34.94,35.1,737100,0
2012-11-09,34.91,35.71,34.91,35.43,641200,0
2012-11-12,35.52,35.59,35.11,35.15,346800,0
2012-11-13,34.91,35.62,34.91,35.12,431200,0
2012-11-14,35.33,35.48,34.95,35.05,919100,0
2012-11-15,34.99,35.2,34.72,34.98,1054400,0
2012-11-16,35.0,35.19,34.81,35.1,765600,0
2012-11-19,35.53,36.52,35.35,36.5,805600,0
2012-11-20,36.52,36.83,36.37,36.75,759400,0
2012-11-21,36.96,37.45,36.77,37.24,717200,0
2012-11-23,37.52,37.98,37.18,37.86,215800,0
2012-11-26,37.74,38.47,37.58,37.78,665500,0
2012-11-27,37.73,38.02,37.48,37.49,487900,0
2012-11-28,37.34,38.2,37.15,38.04,557300,0
2012-11-29,38.29,38.29,37.68,37.99,510000,0
2012-11-30,38.18,38.36,37.89,38.12,742500,0
2012-12-03,38.37,38.54,37.91,37.98,618800,0
2012-12-04,37.91,38.25,37.68,38.0,330700,0
2012-12-05,38.09,38.77,38.03,38.7,699300,0
2012-12-06,38.54,38.82,38.42,38.76,387500,0
2012-12-07,38.9,39.02,38.56,38.95,292500,0
2012-12-10,38.95,39.95,38.76,39.87,721900,0
2012-12-11,39.42,39.78,37.8,38.75,2287200,0
2012-12-12,38.76,39.42,38.75,38.92,522600,0
2012-12-13,38.91,39.16,38.42,38.57,453300,0
2012-12-14,38.71,39.58,38.7,39.15,857600,0
2012-12-17,39.26,39.89,39.2,39.64,732200,0
2012-12-18,39.63,41.51,39.63,41.29,1372100,0
2012-12-19,41.43,41.44,40.69,40.7,877200,0
2012-12-20,40.7,41.11,40.08,40.61,673500,0
2012-12-21,40.16,40.36,39.66,39.79,788500,0
2012-12-24,39.8,40.0,39.67,39.94,133000,0
2012-12-26,39.98,40.07,39.53,39.62,230100,0
2012-12-27,39.64,39.75,39.08,39.62,276400,0
2012-12-28,39.29,39.85,39.06,39.45,317200,0
2012-12-31,39.21,40.14,39.21,40.0,383500,0
2013-01-02,41.06,42.98,41.03,42.95,1247300,0
2013-01-03,42.82,43.25,42.41,42.9,891300,0
2013-01-04,42.92,43.28,42.72,43.06,590800,0
2013-01-07,42.92,43.05,42.71,42.94,663200,0
2013-01-08,43.5,44.03,42.35,42.43,1143600,0
2013-01-09,42.65,43.24,42.53,43.08,532100,0
2013-01-10,43.27,43.27,41.27,42.1,1713800,0
2013-01-11,41.93,41.93,41.33,41.67,730800,0
2013-01-14,41.53,41.84,41.3,41.67,534200,0
2013-01-15,41.41,41.59,41.27,41.45,678100,0
2013-01-16,41.4,41.59,41.1,41.49,536600,0
2013-01-17,41.79,42.71,41.79,42.6,926200,0
2013-01-18,42.94,43.15,42.22,42.56,730500,0
2013-01-22,42.31,42.66,41.66,42.09,1280400,0
2013-01-23,42.07,42.49,41.92,42.35,1021800,0
2013-01-24,39.1,41.85,39.0,41.0,4613600,0
2013-01-25,41.13,41.41,40.35,40.88,1626100,0
2013-01-28,40.89,41.49,40.6,41.05,932900,0
2013-01-29,41.05,41.05,40.54,40.77,896500,0
2013-01-30,40.86,40.87,40.28,40.34,603600,0
2013-01-31,40.32,41.11,40.23,41.01,708700,0
2013-02-01,41.05,41.73,40.66,41.55,184054,0
2013-02-04,41.02,41.23,40.28,40.4,1129400,0
2013-02-05,40.57,40.88,40.39,40.67,577800,0
2013-02-06,40.51,41.1,40.45,41.03,662400,0
2013-02-07,40.95,41.03,40.55,40.78,592100,0
2013-02-08,40.85,41.13,40.5,40.55,1395800,0
2013-02-11,40.58,40.94,40.5,40.6,743600,0
2013-02-12,40.57,41.47,40.56,41.21,929800,0
2013-02-13,41.3,42.0,41.24,41.96,764800,0
2013-02-14,42.14,42.84,41.93,42.09,1281900,0
2013-02-15,42.35,42.44,41.83,41.86,690500,0
2013-02-19,41.94,42.0,41.27,41.8,703800,0
2013-02-20,41.66,41.91,41.0,41.0,696000,0
2013-02-21,40.84,41.14,40.13,40.51,952200,0
2013-02-22,40.75,41.09,40.7,41.0,693700,0
2013-02-25,41.13,41.15,39.71,39.71,754800,0
2013-02-26,39.85,39.9,38.71,39.2,1431500,0
2013-02-27,39.17,40.24,39.02,39.98,816600,0
2013-02-28,39.96,40.9,39.83,40.48,736300,0
2013-03-01,40.03,40.08,39.36,39.74,709300,0
2013-03-04,39.53,39.77,38.94,39.53,358700,0
2013-03-05,40.53,40.53,39.85,40.32,627600,0
2013-03-06,40.48,40.74,40.28,40.52,413000,0
2013-03-07,40.55,40.65,40.16,40.56,438600,0
2013-03-08,40.92,42.75,40.88,42.59,1299100,0
2013-03-11,42.5,42.67,42.24,42.44,550100,0
2013-03-12,41.92,42.44,41.69,41.9,521400,0
2013-03-13,41.92,42.17,41.73,42.08,376500,0
2013-03-14,41.91,42.23,40.66,42.02,1333500,0
2013-03-15,41.55,41.64,40.94,41.52,1373500,0
2013-03-18,40.73,41.7,40.36,41.24,548400,0
2013-03-19,41.22,41.41,39.79,40.46,1308400,0
2013-03-20,40.91,40.92,40.18,40.34,952000,0
2013-03-21,40.14,40.18,39.11,39.39,911700,0
2013-03-22,39.45,39.88,38.93,39.13,1185100,0
2013-03-25,39.23,39.27,38.64,38.79,588900,0
2013-03-26,38.97,39.13,38.79,38.94,726300,0
2013-03-27,38.82,39.0,37.87,38.92,782700,0
2013-03-28,38.98,39.29,38.71,39.04,590300,0
2013-04-01,38.94,39.09,38.21,38.45,418000,0
2013-04-02,38.56,38.72,37.96,38.19,555900,0
2013-04-03,38.13,38.27,37.54,37.7,1120900,0
2013-04-04,37.75,38.25,37.75,38.17,506100,0
2013-04-05,37.46,38.14,37.31,38.11,431800,0
2013-04-08,38.11,38.41,37.86,38.39,303500,0
2013-04-09,38.44,38.82,38.01,38.56,537800,0
2013-04-10,38.63,38.65,38.08,38.45,197814,0
2013-04-11,38.46,38.64,38.21,38.45,79669,0
2013-04-12,38.21,38.34,37.73,38.02,560300,0
2013-04-15,37.65,37.69,36.09,36.17,1492800,0
2013-04-16,36.42,37.15,36.42,36.8,1490100,0
2013-04-17,36.48,36.76,35.98,36.14,747700,0
2013-04-18,36.25,36.58,35.9,36.04,805900,0
2013-04-19,36.07,36.21,35.6,35.89,1288900,0
2013-04-22,35.9,36.79,35.49,36.41,815900,0
2013-04-23,36.56,37.45,36.55,37.13,812400,0
2013-04-24,37.12,37.73,37.12,37.39,947200,0
2013-04-25,36.46,39.35,36.21,38.92,1254400,0
2013-04-26,38.98,38.98,38.19,38.49,466700,0
2013-04-29,38.7,39.9,38.7,39.56,933100,0
2013-04-30,39.57,40.02,38.87,39.99,786700,0
2013-05-01,39.88,39.92,39.26,39.33,1323200,0
2013-05-02,38.49,40.26,38.49,39.7,751500,0
2013-05-03,40.22,40.8,39.84,40.14,932400,0
2013-05-06,40.15,40.83,39.73,40.75,638900,0
2013-05-07,40.98,41.28,40.56,41.11,528400,0
2013-05-08,41.12,41.66,40.98,41.6,535000,0
2013-05-09,41.52,41.65,41.12,41.33,578100,0
2013-05-10,41.32,41.59,41.12,41.33,476100,0
2013-05-13,39.87,41.64,39.87,41.4,513500,0
2013-05-14,41.35,42.14,41.35,42.11,400900,0
2013-05-15,41.88,42.28,41.86,42.28,308800,0
2013-05-16,42.14,42.4,41.86,42.05,595700,0
2013-05-17,42.24,42.88,42.24,42.66,600600,0
2013-05-20,42.54,43.15,42.54,43.02,414100,0
2013-05-21,42.99,43.56,42.76,43.34,490100,0
2013-05-22,43.38,43.69,42.39,42.61,406600,0
2013-05-23,41.91,42.94,41.82,42.92,595800,0
2013-05-24,42.55,42.63,42.06,42.4,381200,0
2013-05-28,43.02,43.3,42.74,42.94,470200,0
2013-05-29,42.51,43.05,42.41,42.61,437300,0
2013-05-30,42.65,43.45,41.99,43.16,433900,0
2013-05-31,42.87,43.86,42.75,43.34,524100,0
2013-06-03,43.34,43.45,42.0,42.76,861000,0
2013-06-04,42.76,43.11,41.5,41.92,911700,0
2013-06-05,41.74,41.98,41.01,41.04,534500,0
2013-06-06,40.97,41.34,40.69,41.34,636900,0
2013-06-07,41.62,41.7,41.27,41.62,617200,0
2013-06-10,41.72,41.81,40.95,41.29,573500,0
2013-06-11,40.69,41.24,40.4,40.67,512900,0
2013-06-12,41.04,41.09,39.66,39.85,474000,0
2013-06-13,39.8,40.19,39.76,39.78,1412300,0
2013-06-14,39.77,40.33,39.5,40.14,949700,0
2013-06-17,40.49,40.62,40.06,40.26,572000,0
2013-06-18,40.31,41.01,40.27,40.87,357000,0
2013-06-19,40.88,41.09,40.42,40.42,364100,0
2013-06-20,39.78,40.01,39.04,39.12,434300,0
2013-06-21,38.39,39.62,38.39,38.9,665600,0
2013-06-24,38.29,38.61,37.92,38.3,386700,0
2013-06-25,38.84,38.92,38.48,38.64,350900,0
2013-06-26,39.01,39.18,38.63,38.9,253200,0
2013-06-27,39.22,39.69,39.19,39.52,529700,0
2013-06-28,39.42,39.62,38.83,38.83,1186800,0
2013-07-01,39.32,39.56,38.81,39.38,689200,0
2013-07-02,39.33,39.47,38.28,38.69,544100,0
2013-07-03,38.31,38.48,37.98,38.16,400400,0
2013-07-05,38.59,39.32,38.4,39.31,395200,0
2013-07-08,39.54,39.82,39.25,39.42,434900,0
2013-07-09,39.65,40.27,39.6,39.85,482300,0
2013-07-10,39.71,39.89,39.35,39.59,474700,0
2013-07-11,40.22,40.76,40.2,40.7,512500,0
2013-07-12,40.58,40.74,40.2,40.42,351100,0
2013-07-15,40.36,40.54,40.13,40.3,368800,0
2013-07-16,40.39,40.6,39.88,40.16,343100,0
2013-07-17,40.39,40.56,40.06,40.31,324200,0
2013-07-18,40.37,41.07,40.33,40.79,359300,0
2013-07-19,40.69,41.04,40.4,40.87,318100,0
2013-07-22,40.9,41.6,40.71,41.56,506900,0
2013-07-23,41.69,41.83,41.51,41.63,558000,0
2013-07-24,41.74,41.85,41.47,41.54,646300,0
2013-07-25,41.35,42.5,41.05,42.44,955800,0
2013-07-26,42.72,42.8,41.77,42.65,650000,0
2013-07-29,42.46,42.6,42.27,42.36,559400,0
2013-07-30,42.62,42.79,42.11,42.67,579900,0
2013-07-31,42.75,43.69,42.41,43.34,415200,0
2013-08-01,43.78,45.37,43.74,45.24,1002300,0
2013-08-02,44.75,44.99,44.06,44.97,417600,0
2013-08-05,44.72,45.2,44.09,45.05,459300,0
2013-08-06,44.63,44.83,44.37,44.66,917500,0
2013-08-07,44.17,44.6,44.03,44.4,625700,0
2013-08-08,44.41,44.85,44.27,44.76,491800,0
2013-08-09,44.69,44.9,44.46,44.52,411900,0
2013-08-12,44.33,45.34,44.33,45.2,391100,0
2013-08-13,45.22,45.7,44.91,45.51,361600,0
2013-08-14,45.25,45.25,43.63,44.22,1050400,0
2013-08-15,43.67,43.73,43.01,43.57,563100,0
2013-08-16,43.48,44.16,43.48,43.69,308400,0
2013-08-19,43.75,44.35,43.6,43.62,473700,0
2013-08-20,43.65,43.88,43.25,43.68,285800,0
2013-08-21,43.52,43.96,43.38,43.43,220800,0
2013-08-22,43.6,44.73,43.46,44.6,239900,0
2013-08-23,44.62,44.62,43.97,44.22,322900,0
2013-08-26,44.21,44.41,44.0,44.25,320700,0
2013-08-27,43.5,43.76,42.8,42.92,486500,0
2013-08-28,42.8,43.32,42.8,43.14,289600,0
2013-08-29,42.99,43.48,42.8,43.35,207000,0
2013-08-30,43.45,43.45,42.47,42.52,677900,0
2013-09-03,43.28,43.74,42.14,42.7,801700,0
2013-09-04,42.73,43.4,42.5,43.17,253700,0
2013-09-05,42.99,44.26,42.8,43.91,447600,0
2013-09-06,44.17,44.43,43.4,44.0,302900,0
2013-09-09,44.2,45.02,44.06,44.91,322800,0
2013-09-10,45.06,46.0,44.97,45.85,495500,0
2013-09-11,46.1,46.25,45.52,46.08,543800,0
2013-09-12,46.0,46.43,45.76,45.8,554400,0
2013-09-13,45.79,46.2,45.73,46.0,604500,0
2013-09-16,47.0,47.95,46.16,46.39,753600,0
2013-09-17,46.2,46.54,45.77,46.14,750500,0
2013-09-18,46.02,47.4,46.02,47.29,529800,0
2013-09-19,47.52,47.52,46.86,47.04,492800,0
2013-09-20,47.06,47.27,46.45,46.45,596800,0
2013-09-23,46.31,46.52,45.88,46.08,508500,0
2013-09-24,46.11,46.82,45.9,46.56,630600,0
2013-09-25,46.51,47.37,46.02,46.39,623500,0
2013-09-26,46.15,46.34,45.81,46.23,622500,0
2013-09-27,45.7,45.94,45.43,45.71,514200,0
2013-09-30,45.17,45.82,45.16,45.6,401400,0
2013-10-01,45.66,46.64,45.54,46.16,698500,0
2013-10-02,45.81,46.42,45.47,46.3,379000,0
2013-10-03,46.02,46.2,45.22,45.31,666200,0
2013-10-04,45.28,45.55,45.05,45.17,682500,0
2013-10-07,44.69,44.94,44.31,44.31,578900,0
2013-10-08,44.32,44.67,43.4,43.41,542500,0
2013-10-09,43.48,43.74,43.09,43.41,812400,0
2013-10-10,44.14,44.7,43.89,44.63,352700,0
2013-10-11,44.35,45.07,44.22,45.06,247100,0
2013-10-14,44.64,45.4,44.59,45.37,332500,0
2013-10-15,45.1,45.21,44.05,44.34,566700,0
2013-10-16,44.73,44.75,44.08,44.44,575200,0
2013-10-17,44.21,44.6,43.8,44.57,741500,0
2013-10-18,44.95,45.94,44.92,45.82,623200,0
2013-10-21,46.0,46.75,45.96,46.72,866900,0
2013-10-22,46.99,46.99,46.05,46.43,1052000,0
2013-10-23,45.96,46.12,45.27,45.83,762800,0
2013-10-24,47.28,47.89,45.52,46.21,1087000,0
2013-10-25,46.81,46.83,45.64,46.43,751100,0
2013-10-28,46.45,46.65,45.99,46.64,445100,0
2013-10-29,46.63,46.83,45.84,46.44,484500,0
2013-10-30,46.6,46.63,45.03,45.3,907600,0
2013-10-31,45.19,46.69,45.09,46.0,1164300,0
2013-11-01,46.08,46.35,45.51,46.1,604700,0
2013-11-04,46.26,46.87,46.08,46.81,499800,0
2013-11-05,46.74,47.09,46.18,46.61,493900,0
2013-11-06,47.07,47.4,46.35,46.42,317700,0
2013-11-07,46.36,46.53,45.39,45.49,825400,0
2013-11-08,45.57,46.65,45.51,46.63,448500,0
2013-11-11,46.47,46.94,46.45,46.9,1272300,0
2013-11-12,46.84,47.06,46.62,47.02,396600,0
2013-11-13,46.56,47.61,46.54,47.44,601800,0
2013-11-14,47.44,47.58,46.86,47.44,448000,0
2013-11-15,47.6,47.6,47.16,47.43,474800,0
2013-11-18,47.45,47.51,46.73,46.79,331000,0
2013-11-19,46.69,46.92,46.14,46.18,388400,0
2013-11-20,46.2,46.58,45.87,46.45,474900,0
2013-11-21,46.73,47.25,46.48,47.05,449300,0
2013-11-22,47.13,47.32,46.9,47.28,252500,0
2013-11-25,47.45,47.94,47.23,47.76,445000,0
2013-11-26,47.69,47.86,47.32,47.59,369200,0
2013-11-27,47.72,47.72,47.27,47.52,248200,0
2013-11-29,47.56,47.88,47.34,47.48,146600,0
2013-12-02,47.44,48.21,46.92,47.63,809400,0
2013-12-03,47.29,47.83,46.94,47.09,341600,0
2013-12-04,46.74,47.45,46.45,46.87,348900,0
2013-12-05,46.58,47.56,46.57,47.44,444300,0
2013-12-06,48.33,49.32,47.96,49.05,1141800,0
2013-12-09,49.07,49.7,49.07,49.42,669200,0
2013-12-10,49.15,50.15,49.11,49.9,869400,0
2013-12-11,49.83,50.0,48.75,48.98,958800,0
2013-12-12,49.05,49.29,48.79,49.21,631200,0
2013-12-13,49.32,49.69,48.76,48.99,812400,0
2013-12-16,48.12,49.8,48.12,49.32,317900,0
2013-12-17,49.28,49.57,49.13,49.47,539100,0
2013-12-18,49.7,50.51,48.97,50.41,829800,0
2013-12-19,50.29,51.07,50.06,50.85,682300,0
2013-12-20,50.76,51.27,50.68,51.11,870100,0
2013-12-23,51.52,51.73,51.09,51.69,476900,0
2013-12-24,51.54,51.77,51.38,51.63,283600,0
2013-12-26,51.81,52.12,51.67,51.9,243600,0
2013-12-27,51.9,52.2,51.8,51.98,212700,0
2013-12-30,51.98,52.19,51.74,51.77,213000,0
2013-12-31,51.97,52.37,51.81,52.07,376100,0
2014-01-02,52.04,52.05,51.35,51.7,374700,0
2014-01-03,51.7,52.18,51.66,51.99,299100,0
2014-01-06,51.31,51.5,50.17,50.4,822100,0
2014-01-07,50.68,50.88,50.22,50.5,565900,0
2014-01-08,50.52,50.9,50.03,50.78,706700,0
2014-01-09,50.91,51.6,50.91,51.43,450000,0
2014-01-10,51.46,51.6,51.31,51.48,354300,0
2014-01-13,51.25,51.49,50.35,50.54,482000,0
2014-01-14,50.86,51.54,50.61,51.44,606700,0
2014-01-15,51.57,51.95,51.52,51.78,547300,0
2014-01-16,51.77,51.83,51.42,51.48,362700,0
2014-01-17,51.37,51.53,51.15,51.21,329700,0
2014-01-21,51.85,51.98,50.58,50.92,433700,0
2014-01-22,51.01,51.01,50.0,50.23,598100,0
2014-01-23,50.04,50.1,49.12,49.46,559700,0
2014-01-24,48.82,49.09,46.88,46.94,980800,0
2014-01-27,47.26,47.56,45.87,46.42,1567900,0
2014-01-28,46.59,48.19,46.48,48.13,1092100,0
2014-01-29,47.6,48.4,47.34,47.68,759000,0
2014-01-30,43.3,44.72,38.84,44.35,3082500,0
2014-01-31,42.79,44.0,42.58,43.34,2228600,0
2014-02-03,43.15,43.4,41.85,41.92,1368800,0
2014-02-04,42.01,42.91,41.81,42.87,952300,0
2014-02-05,42.98,42.98,42.09,42.23,956700,0
2014-02-06,42.31,42.67,42.0,42.66,801000,0
2014-02-07,42.65,43.17,42.35,43.01,501000,0
2014-02-10,43.47,43.79,42.72,42.92,895800,0
2014-02-11,43.04,43.49,42.8,43.35,313900,0
2014-02-12,43.47,43.87,43.31,43.75,525700,0
2014-02-13,43.34,44.0,43.15,43.92,354400,0
2014-02-14,43.94,44.0,43.64,43.7,583100,0
2014-02-18,43.01,43.66,43.01,43.49,601000,0
2014-02-19,43.32,43.6,43.12,43.15,623800,0
2014-02-20,43.2,43.73,43.06,43.54,423000,0
2014-02-21,43.69,43.75,43.34,43.5,240600,0
2014-02-24,43.55,44.38,43.51,43.81,216500,0
2014-02-25,43.83,43.83,43.23,43.42,576800,0
2014-02-26,43.5,44.51,43.42,44.08,347700,0
2014-02-27,44.01,44.23,43.76,43.97,266100,0
2014-02-28,43.95,44.56,43.7,43.74,483900,0
2014-03-03,43.31,43.72,43.06,43.47,596500,0
2014-03-04,44.14,44.66,44.05,44.31,385500,0
2014-03-05,44.43,44.72,44.04,44.72,826700,0
2014-03-06,44.73,45.18,44.73,45.1,587200,0
2014-03-07,45.35,45.48,44.95,45.12,378300,0
2014-03-10,45.11,45.26,44.4,44.53,398100,0
2014-03-11,44.53,44.65,44.24,44.5,729400,0
2014-03-12,44.25,44.66,44.12,44.61,626200,0
2014-03-13,44.61,44.87,43.8,44.02,1500000,0
2014-03-14,43.94,44.14,43.34,43.51,935100,0
2014-03-17,43.68,44.3,43.68,44.21,574500,0
2014-03-18,44.31,44.53,44.05,44.33,420800,0
2014-03-19,44.27,44.34,43.62,43.79,391500,0
2014-03-20,43.67,43.85,43.09,43.39,1057000,0
2014-03-21,43.59,43.9,43.39,43.56,1717700,0
2014-03-24,43.71,43.85,43.48,43.75,687300,0
2014-03-25,43.91,44.53,43.83,44.4,853500,0
2014-03-26,44.64,44.85,44.34,44.35,783900,0
2014-03-27,44.07,44.24,43.15,43.52,724800,0
2014-03-28,43.59,43.89,43.44,43.53,445400,0
2014-03-31,43.79,44.36,43.64,44.3,443600,0
2014-04-01,44.43,45.04,44.3,44.69,784600,0
2014-04-02,44.78,45.5,44.71,45.37,584400,0
2014-04-03,45.44,46.27,45.34,46.02,1097700,0
2014-04-04,46.24,46.29,44.98,45.05,713900,0
2014-04-07,43.8,44.22,42.66,42.95,1832200,0
2014-04-08,42.9,43.93,42.79,43.69,672800,0
2014-04-09,43.94,45.81,43.89,45.69,1232900,0
2014-04-10,45.67,46.28,45.42,45.69,1216600,0
2014-04-11,45.5,45.62,44.45,44.54,1010800,0
2014-04-14,44.92,44.92,44.24,44.56,393700,0
2014-04-15,44.41,44.81,43.44,44.24,407800,0
2014-04-16,44.5,45.73,44.35,45.69,691300,0
2014-04-17,45.73,46.68,45.73,46.13,609100,0
2014-04-21,46.33,46.36,45.53,45.86,382100,0
2014-04-22,45.75,46.59,45.73,46.17,504900,0
2014-04-23,46.08,46.44,45.95,46.01,308700,0
2014-04-24,46.27,47.09,45.92,46.74,644600,0
2014-04-25,46.59,46.74,45.88,46.03,452200,0
2014-04-28,46.18,46.28,45.08,45.75,460600,0
2014-04-29,45.97,46.12,45.59,45.65,505700,0
2014-04-30,45.64,46.79,45.5,46.73,907000,0
2014-05-01,46.27,49.24,46.27,48.52,1034400,0
2014-05-02,49.11,49.11,48.09,48.1,766700,0
2014-05-05,47.95,48.47,47.58,48.17,534000,0
2014-05-06,48.04,48.12,47.58,47.67,269300,0
2014-05-07,47.76,48.17,47.33,47.8,509400,0
2014-05-08,47.86,48.24,47.29,47.41,518600,0
2014-05-09,47.09,47.42,46.82,47.3,536800,0
2014-05-12,47.57,47.88,47.35,47.65,975200,0
2014-05-13,47.79,47.79,47.22,47.39,549600,0
2014-05-14,47.43,47.43,46.54,46.65,438600,0
2014-05-15,46.54,46.64,45.44,46.31,652500,0
2014-05-16,46.3,46.49,46.02,46.33,250900,0
2014-05-19,46.14,46.71,46.11,46.45,427500,0
2014-05-20,46.21,46.37,45.33,45.57,625900,0
2014-05-21,45.7,46.07,45.48,45.75,344400,0
2014-05-22,45.85,46.0,45.28,45.45,375100,0
2014-05-23,45.43,45.66,45.28,45.5,530200,0
2014-05-27,45.74,45.78,45.49,45.53,631200,0
2014-05-28,45.58,45.89,45.48,45.51,520600,0
2014-05-29,45.56,45.68,44.96,45.42,386100,0
2014-05-30,45.16,45.23,44.76,45.04,451000,0
2014-06-02,45.16,45.34,44.93,45.22,889700,0
2014-06-03,45.14,45.63,45.06,45.46,542300,0
2014-06-04,45.35,45.7,45.35,45.47,738500,0
2014-06-05,45.66,46.11,45.49,46.02,1233000,0
2014-06-06,46.22,47.22,46.22,47.12,826000,0
2014-06-09,47.09,47.97,47.02,47.96,644800,0
2014-06-10,47.9,48.6,47.54,48.2,547200,0
2014-06-11,48.08,48.2,47.82,47.87,405800,0
2014-06-12,47.76,47.89,46.76,46.9,371800,0
2014-06-13,47.03,47.17,46.63,46.73,406000,0
2014-06-16,46.67,46.84,46.18,46.52,310400,0
2014-06-17,46.44,47.45,46.3,47.05,419600,0
2014-06-18,47.1,47.2,46.8,47.16,212200,0
2014-06-19,47.25,47.55,46.9,47.5,450500,0
2014-06-20,47.6,47.86,47.48,47.82,419500,0
2014-06-23,47.75,48.25,47.22,47.24,418200,0
2014-06-24,47.03,47.11,45.76,46.12,848400,0
2014-06-25,45.77,46.41,45.7,46.27,399000,0
2014-06-26,46.28,46.41,45.78,46.12,616400,0
2014-06-27,45.9,46.5,45.74,46.42,403000,0
2014-06-30,46.49,46.49,46.0,46.28,713800,0
2014-07-01,46.48,46.62,46.24,46.35,627400,0
2014-07-02,46.34,46.61,45.86,46.01,330400,0
2014-07-03,46.22,46.36,46.03,46.11,181200,0
2014-07-07,45.97,45.97,45.43,45.7,459600,0
2014-07-08,45.66,45.86,45.63,45.78,831900,0
2014-07-09,45.7,46.1,45.63,45.71,411600,0
2014-07-10,44.95,45.08,44.69,44.75,440500,0
2014-07-11,44.61,44.62,44.13,44.51,269200,0
2014-07-14,44.79,44.79,44.3,44.5,439300,0
2014-07-15,44.27,44.82,44.27,44.66,548000,0
2014-07-16,44.91,45.2,44.61,45.08,483700,0
2014-07-17,44.86,45.3,44.8,44.97,126976,0
2014-07-18,45.05,45.25,45.04,45.22,36567,0
2014-07-21,45.24,45.87,45.0,45.76,566100,0
2014-07-22,45.98,46.76,45.98,46.29,595300,0
2014-07-23,46.26,46.33,45.87,45.88,488400,0
2014-07-24,45.85,46.05,45.71,45.72,490700,0
2014-07-25,45.5,45.87,45.26,45.73,449000,0
2014-07-28,45.63,45.64,45.03,45.4,461700,0
2014-07-29,45.33,45.89,44.91,44.91,493300,0
2014-07-30,44.97,45.05,43.93,44.25,1305000,0
2014-07-31,42.0,42.85,41.56,42.28,306868,0
2014-08-01,42.1,42.3,41.82,42.13,1034100,0
2014-08-04,42.13,42.35,41.95,42.25,517100,0
2014-08-05,42.04,42.62,41.99,42.25,502100,0
2014-08-06,42.01,42.24,41.91,42.12,344700,0
2014-08-07,42.26,42.41,41.85,42.05,904500,0
2014-08-08,41.88,42.36,41.62,42.29,364100,0
2014-08-11,42.53,42.8,42.18,42.39,403100,0
2014-08-12,42.27,42.73,42.13,42.29,445400,0
2014-08-13,42.4,42.7,42.35,42.48,357400,0
2014-08-14,42.8,43.13,42.45,42.77,590000,0
2014-08-15,43.0,43.04,42.15,42.36,351700,0
2014-08-18,42.74,43.35,42.67,43.3,633200,0
2014-08-19,43.38,45.29,43.38,45.25,1134100,0
2014-08-20,45.02,45.28,44.5,44.6,1126500,0
2014-08-21,44.64,44.87,44.38,44.67,752800,0
2014-08-22,44.67,44.86,44.39,44.49,441800,0
2014-08-25,44.84,44.9,44.62,44.7,530400,0
2014-08-26,44.75,44.96,44.64,44.68,365200,0
2014-08-27,44.78,44.93,44.62,44.93,354400,0
2014-08-28,44.7,44.84,44.54,44.67,315300,0
2014-08-29,44.67,44.82,44.42,44.81,419900,0
2014-09-02,44.87,45.41,44.45,44.6,545300,0
2014-09-03,44.87,44.89,44.42,44.5,317900,0
2014-09-04,44.57,44.83,44.38,44.57,299300,0
2014-09-05,44.44,44.58,43.98,44.18,378900,0
2014-09-08,44.18,44.34,43.91,43.98,300000,0
2014-09-09,43.83,43.87,43.49,43.77,543100,0
2014-09-10,43.82,43.94,43.17,43.53,358500,0
2014-09-11,43.33,43.64,43.09,43.53,582100,0
2014-09-12,43.4,43.55,43.01,43.26,323600,0
2014-09-15,43.19,43.21,42.91,42.94,322500,0
2014-09-16,42.9,43.43,42.81,43.22,390500,0
2014-09-17,43.36,43.56,43.03,43.16,362500,0
2014-09-18,43.35,43.35,43.07,43.2,281400,0
2014-09-19,43.36,43.47,42.47,42.61,537900,0
2014-09-22,42.6,42.64,41.96,42.36,434090,0
2014-09-23,42.15,42.47,42.01,42.27,376079,0
2014-09-24,42.15,42.41,41.84,41.96,718696,0
2014-09-25,41.8,41.85,41.47,41.65,675484,0
2014-09-26,41.66,41.93,41.43,41.9,463372,0
2014-09-29,41.47,42.0,41.33,41.99,347491,0
2014-09-30,41.92,41.98,41.06,41.31,596684,0
2014-10-01,41.17,41.29,40.73,41.08,1255619,0
2014-10-02,41.03,41.46,40.93,41.15,454067,0
2014-10-03,41.4,41.56,41.12,41.18,412815,0
2014-10-06,41.37,41.68,41.02,41.5,318001,0
2014-10-07,41.12,41.12,40.72,40.73,1132633,0
2014-10-08,40.6,41.11,39.84,41.05,1039642,0
2014-10-09,40.88,41.02,40.02,40.16,815758,0
2014-10-10,40.09,40.09,39.04,39.06,986453,0
2014-10-13,38.39,39.24,38.29,38.31,919172,0
2014-10-14,38.54,39.47,38.31,38.83,812629,0
2014-10-15,38.18,38.8,37.4,38.32,1307638,0
2014-10-16,37.66,38.99,37.66,38.86,1580089,0
2014-10-17,39.28,39.28,38.78,38.98,643480,0
2014-10-20,38.83,39.19,38.52,38.82,605841,0
2014-10-21,39.18,39.97,39.14,39.94,1036329,0
2014-10-22,40.14,40.35,39.51,39.53,399142,0
2014-10-23,40.05,40.81,39.98,40.44,404570,0
2014-10-24,40.41,40.83,40.14,40.8,430137,0
2014-10-27,40.61,40.64,40.22,40.42,825971,0
2014-10-28,40.69,41.66,40.69,41.64,937944,0
2014-10-29,41.86,42.18,41.32,41.68,693776,0
2014-10-30,39.62,39.8,39.22,39.44,1606120,0
2014-10-31,38.56,39.14,37.66,38.61,1188724,0
2014-11-03,38.47,38.64,38.18,38.36,781364,0
2014-11-04,38.1,38.29,37.94,37.94,453296,0
2014-11-05,38.35,38.75,38.0,38.7,448224,0
2014-11-06,38.75,39.52,38.74,39.49,685263,0
2014-11-07,39.48,39.67,39.21,39.31,514481,0
2014-11-10,39.31,39.59,38.82,38.96,335949,0
2014-11-11,38.89,39.04,38.59,38.94,241827,0
2014-11-12,38.79,39.62,38.6,39.59,457831,0
2014-11-13,39.62,39.8,39.22,39.44,628893,0
2014-11-14,39.09,39.28,38.78,39.09,441361,0
2014-11-17,39.47,40.14,39.4,39.86,651495,0
2014-11-18,39.8,40.68,39.8,40.36,722722,0
2014-11-19,40.3,40.33,39.79,40.07,423237,0
2014-11-20,39.87,40.3,39.75,40.13,391967,0
2014-11-21,40.74,40.95,40.23,40.29,1389110,0
2014-11-24,39.57,40.07,38.54,38.75,1134943,0
2014-11-25,38.88,38.93,38.66,38.68,1194838,0
2014-11-26,38.72,38.95,38.4,38.5,495899,0
2014-11-28,38.27,38.27,36.68,36.82,658267,0
2014-12-01,36.69,36.69,35.04,35.63,1601284,0
2014-12-02,35.5,35.75,35.27,35.5,766573,0
2014-12-03,35.61,36.23,35.55,35.88,650630,0
2014-12-04,35.88,36.24,35.58,35.96,609318,0
2014-12-05,35.77,36.18,35.72,35.9,697662,0
2014-12-08,35.63,35.9,35.05,35.09,600529,0
2014-12-09,34.69,35.69,34.58,35.66,677891,0
2014-12-10,35.32,35.37,34.64,34.69,586866,0
2014-12-11,34.78,35.11,34.68,34.85,487718,0
2014-12-12,34.5,34.63,33.76,33.8,771808,0
2014-12-15,33.9,34.18,33.28,33.64,944610,0
2014-12-16,33.96,34.19,33.53,33.6,1126563,0
2014-12-17,33.61,34.28,33.23,34.19,629871,0
2014-12-18,34.74,35.06,34.56,34.98,681438,0
2014-12-19,34.94,35.35,34.73,35.29,1433066,0
2014-12-22,35.28,35.73,34.85,35.64,673280,0
2014-12-23,35.84,36.44,35.73,36.36,600010,0
2014-12-24,36.28,36.47,35.92,36.16,149397,0
2014-12-26,36.3,36.65,36.05,36.1,277837,0
2014-12-29,36.03,36.79,36.03,36.53,378238,0
2014-12-30,36.49,36.56,36.02,36.02,387611,0
2014-12-31,35.83,36.27,35.48,35.79,601970,0
2015-01-02,35.94,36.16,35.22,35.56,411676,0
2015-01-05,35.11,35.21,33.9,34.08,903429,0
2015-01-06,33.9,34.32,33.44,33.61,1422598,0
2015-01-07,33.43,33.75,33.0,33.13,1131287,0
2015-01-08,33.4,33.7,33.14,33.69,799921,0
2015-01-09,33.81,33.91,32.94,32.98,669901,0
2015-01-12,32.73,32.92,32.02,32.42,611437,0
2015-01-13,32.64,32.82,31.57,32.0,626929,0
2015-01-14,31.57,31.99,31.21,31.88,515682,0
2015-01-15,32.15,32.26,31.44,31.5,943357,0
2015-01-16,31.26,31.49,30.38,31.46,1224857,0
2015-01-20,31.48,31.68,31.02,31.28,665747,0
2015-01-21,31.25,31.97,31.02,31.95,802960,0
2015-01-22,32.26,32.26,31.68,32.12,808855,0
2015-01-23,31.98,32.15,31.46,31.92,747845,0
2015-01-26,31.88,32.32,31.51,32.28,826610,0
2015-01-27,31.7,31.7,30.74,31.29,1019593,0
2015-01-28,31.42,31.48,30.89,30.99,1014847,0
2015-01-29,28.5,32.56,27.63,31.84,3320065,0
2015-01-30,31.57,31.72,30.62,31.42,2055425,0
2015-02-02,31.48,33.28,31.36,33.26,1900242,0
2015-02-03,33.46,35.0,33.27,34.81,1905194,0
2015-02-04,34.67,34.67,33.66,33.97,2176364,0
2015-02-05,34.34,35.09,34.12,34.88,1168090,0
2015-02-06,34.91,35.37,34.64,35.17,1053469,0
2015-02-09,35.03,35.89,34.98,35.71,1495302,0
2015-02-10,35.91,35.91,34.71,35.39,975520,0
2015-02-11,35.32,35.35,34.41,34.46,1262671,0
2015-02-12,34.76,34.91,34.34,34.58,1713526,0
2015-02-13,34.68,35.46,34.59,35.44,901346,0
2015-02-17,35.38,35.44,34.68,35.14,549949,0
2015-02-18,34.96,35.53,34.79,35.2,697926,0
2015-02-19,34.71,35.65,34.43,35.47,625279,0
2015-02-20,35.39,35.53,34.7,35.41,651745,0
2015-02-23,35.23,35.45,34.84,35.21,591220,0
2015-02-24,35.16,35.53,35.08,35.21,574942,0
2015-02-25,35.21,36.25,35.21,35.9,676927,0
2015-02-26,35.86,35.9,35.23,35.42,478559,0
2015-02-27,35.42,35.81,34.74,35.0,840606,0
2015-03-02,34.93,35.61,34.59,35.59,503987,0
2015-03-03,35.51,35.85,35.45,35.71,537891,0
2015-03-04,35.47,35.47,34.39,34.6,648854,0
2015-03-05,34.47,34.59,33.96,34.46,508096,0
2015-03-06,34.21,34.72,33.62,33.78,502393,0
2015-03-09,33.9,34.26,33.72,34.18,491084,0
2015-03-10,33.72,33.86,33.25,33.77,593122,0
2015-03-11,33.76,33.76,32.64,33.25,868422,0
2015-03-12,33.17,33.61,32.8,33.53,949808,0
2015-03-13,33.33,33.66,32.15,32.72,1037464,0
2015-03-16,32.72,33.21,32.44,33.17,632209,0
2015-03-17,32.88,33.07,32.61,32.9,586859,0
2015-03-18,32.75,33.99,32.34,33.81,628904,0
2015-03-19,33.5,33.75,33.06,33.21,270391,0
2015-03-20,33.43,33.85,33.28,33.68,867840,0
2015-03-23,33.66,33.97,33.26,33.78,569453,0
2015-03-24,33.73,34.07,33.37,34.03,725600,0
2015-03-25,34.15,34.36,33.8,34.2,712727,0
2015-03-26,34.14,34.8,33.93,34.04,544636,0
2015-03-27,33.98,34.1,33.63,34.02,437408,0
2015-03-30,34.2,34.3,33.79,34.29,438222,0
2015-03-31,34.05,34.14,33.57,33.69,598608,0
2015-04-01,33.62,34.13,33.42,33.54,531991,0
2015-04-02,33.5,34.09,33.35,33.6,549337,0
2015-04-06,33.34,35.55,33.34,35.27,1639390,0
2015-04-07,35.09,35.09,34.28,34.39,635377,0
2015-04-08,34.3,34.4,33.63,34.05,914075,0
2015-04-09,33.91,34.41,33.69,33.76,888692,0
2015-04-10,33.87,33.87,33.09,33.3,666887,0
2015-04-13,33.32,33.51,33.09,33.46,311576,0
2015-04-14,33.41,34.28,33.41,34.28,533081,0
2015-04-15,34.44,35.74,34.32,35.48,1085592,0
2015-04-16,35.28,35.62,34.99,34.99,800987,0
2015-04-17,34.71,34.83,34.25,34.4,418195,0
2015-04-20,34.58,34.93,34.55,34.85,473268,0
2015-04-21,34.9,34.9,33.94,34.08,360483,0
2015-04-22,34.1,34.72,33.7,34.7,523907,0
2015-04-23,34.76,35.37,34.49,35.13,552478,0
2015-04-24,35.25,35.3,34.78,34.92,471755,0
2015-04-27,35.02,35.76,35.02,35.75,674773,0
2015-04-28,35.64,36.1,35.31,35.73,578251,0
2015-04-29,35.5,36.47,35.13,36.32,1006665,0
2015-04-30,36.19,36.59,35.34,35.41,929994,0
2015-05-01,35.62,35.84,35.2,35.26,913325,0
2015-05-04,35.9,36.34,35.85,36.14,1954822,0
2015-05-05,37.75,39.91,37.63,38.41,3029822,0
2015-05-06,38.9,39.44,38.13,38.95,1874139,0
2015-05-07,38.81,39.02,38.32,38.41,823509,0
2015-05-08,38.74,38.74,37.92,37.99,632294,0
2015-05-11,37.99,38.32,37.66,37.87,819129,0
2015-05-12,37.9,38.29,37.49,38.12,589596,0
2015-05-13,38.29,38.49,38.02,38.39,524856,0
2015-05-14,38.66,39.07,38.46,38.56,617840,0
2015-05-15,38.45,38.56,37.81,38.06,724862,0
2015-05-18,37.9,38.1,37.58,38.07,474314,0
2015-05-19,37.94,37.94,36.86,37.51,1180514,0
2015-05-20,37.61,37.79,37.05,37.44,743374,0
2015-05-21,37.34,38.25,37.13,37.85,839872,0
2015-05-22,37.76,38.04,37.45,37.45,459458,0
2015-05-26,37.19,37.33,36.55,36.77,508450,0
2015-05-27,36.85,37.27,36.63,36.9,774419,0
2015-05-28,36.92,36.96,35.95,36.14,1214826,0
2015-05-29,36.2,36.27,35.67,36.06,1081552,0
2015-06-01,36.22,36.22,35.59,35.61,794442,0
2015-06-02,35.48,36.27,35.4,35.84,1085177,0
2015-06-03,35.86,36.25,35.8,36.1,817696,0
2015-06-04,35.87,35.95,35.47,35.69,447492,0
2015-06-05,35.57,36.35,35.33,36.32,641608,0
2015-06-08,36.27,36.3,35.8,35.83,262839,0
2015-06-09,35.93,36.49,35.85,35.98,393217,0
2015-06-10,36.28,36.38,35.95,36.22,550017,0
2015-06-11,36.25,36.33,35.85,36.05,414237,0
2015-06-12,35.91,36.41,35.7,36.36,566310,0
2015-06-15,35.95,35.95,34.98,35.34,739334,0
2015-06-16,35.26,35.64,35.17,35.44,434347,0
2015-06-17,35.56,35.79,34.96,35.08,479453,0
2015-06-18,35.16,35.5,34.8,35.34,546078,0
2015-06-19,35.31,35.35,34.8,34.89,708793,0
2015-06-22,35.11,35.24,34.88,35.15,356636,0
2015-06-23,35.15,35.35,34.83,35.32,846345,0
2015-06-24,35.17,35.48,34.98,35.39,346703,0
2015-06-25,35.39,35.5,34.7,35.04,525611,0
2015-06-26,35.11,35.35,34.96,35.32,557756,0
2015-06-29,34.89,35.17,34.25,34.28,576367,0
2015-06-30,34.46,34.58,33.85,34.12,714846,0
2015-07-01,34.29,34.29,33.68,33.75,760770,0
2015-07-02,34.2,34.61,33.91,33.97,412478,0
2015-07-06,33.5,34.02,33.38,33.56,500219,0
2015-07-07,33.49,33.56,32.78,33.42,912021,0
2015-07-08,33.18,33.48,32.4,32.49,575055,0
2015-07-09,32.74,32.86,32.07,32.08,986201,0
2015-07-10,32.45,32.54,32.07,32.17,508837,0
2015-07-13,32.35,32.85,32.14,32.78,783718,0
2015-07-14,32.76,33.15,32.7,32.99,444621,0
2015-07-15,32.88,33.01,32.1,32.24,595762,0
2015-07-16,32.42,32.69,32.21,32.34,531291,0
2015-07-17,32.32,32.48,32.1,32.27,349861,0
2015-07-20,32.36,32.53,32.12,32.42,565390,0
2015-07-21,32.44,32.55,32.08,32.31,609159,0
2015-07-22,32.16,32.35,31.93,31.99,585287,0
2015-07-23,32.02,32.17,31.58,31.83,525107,0
2015-07-24,31.75,31.93,30.91,30.96,761982,0
2015-07-27,30.69,31.08,30.46,31.06,549738,0
2015-07-28,31.22,32.16,31.05,31.7,1473708,0
2015-07-29,31.54,33.02,31.51,32.67,1321547,0
2015-07-30,32.09,34.27,31.27,33.16,2274613,0
2015-07-31,33.03,33.05,31.21,31.69,1540037,0
2015-08-03,31.65,31.78,31.05,31.25,590172,0
2015-08-04,31.17,31.74,30.84,30.94,713064,0
2015-08-05,31.22,31.92,31.11,31.37,427446,0
2015-08-06,31.33,31.4,30.89,31.25,786088,0
2015-08-07,31.01,31.66,30.91,31.06,448178,0
2015-08-10,31.22,32.23,31.07,32.22,706909,0
2015-08-11,31.15,31.15,29.86,30.21,1412101,0
2015-08-12,29.99,30.92,29.88,30.91,1251123,0
2015-08-13,30.84,31.08,30.15,30.35,583901,0
2015-08-14,30.35,30.78,30.16,30.71,430175,0
2015-08-17,30.63,30.83,30.2,30.7,396835,0
2015-08-18,30.64,30.64,30.15,30.29,372026,0
2015-08-19,30.11,30.21,29.53,29.85,747381,0
2015-08-20,29.68,29.73,28.86,28.91,774877,0
2015-08-21,28.81,29.29,28.61,28.74,917956,0
2015-08-24,27.49,28.88,27.3,27.7,1266298,0
2015-08-25,28.66,28.7,27.42,27.42,1140411,0
2015-08-26,28.06,28.06,27.42,27.89,552027,0
2015-08-27,28.39,29.05,28.2,28.64,837309,0
2015-08-28,28.59,29.92,28.59,29.76,925347,0
2015-08-31,29.65,30.58,29.1,30.5,1059602,0
2015-09-01,29.79,30.23,28.87,29.0,1025152,0
2015-09-02,29.24,29.52,28.73,29.24,473154,0
2015-09-03,29.26,29.34,28.77,29.12,788513,0
2015-09-04,28.79,28.87,28.24,28.3,544899,0
2015-09-08,28.68,28.87,28.4,28.46,904858,0
2015-09-09,28.68,28.76,27.99,28.02,828985,0
2015-09-10,28.07,28.35,27.71,27.85,595333,0
2015-09-11,27.6,27.85,27.37,27.61,359195,0
2015-09-14,27.6,27.63,27.28,27.35,434527,0
2015-09-15,27.43,27.98,27.28,27.9,463310,0
2015-09-16,27.99,28.48,27.9,28.4,313274,0
2015-09-17,28.39,28.39,27.62,27.7,442476,0
2015-09-18,27.27,27.38,26.67,26.91,1122259,0
2015-09-21,26.98,27.22,26.55,26.57,537503,0
2015-09-22,26.07,26.51,25.91,26.22,529794,0
2015-09-23,26.34,26.34,25.3,25.46,408530,0
2015-09-24,24.97,25.21,24.48,25.1,914910,0
2015-09-25,25.26,25.51,24.74,24.81,685265,0
2015-09-28,24.4,24.56,24.04,24.41,531986,0
2015-09-29,24.48,24.69,23.77,24.36,513097,0
2015-09-30,24.56,24.94,24.16,24.89,991222,0
2015-10-01,25.03,25.52,24.3,24.76,954488,0
2015-10-02,24.57,26.13,24.4,26.08,1634883,0
2015-10-05,26.28,27.5,26.15,27.25,1563691,0
2015-10-06,27.29,28.62,27.29,28.56,1515874,0
2015-10-07,28.67,29.41,27.98,28.42,1498720,0
2015-10-08,28.42,29.45,28.33,29.24,1034681,0
2015-10-09,29.24,29.36,28.37,28.48,599667,0
2015-10-12,28.56,28.6,27.36,27.64,725558,0
2015-10-13,27.4,27.91,27.31,27.55,798769,0
2015-10-14,27.66,27.73,27.19,27.33,758818,0
2015-10-15,27.37,27.57,26.84,27.16,818345,0
2015-10-16,27.05,27.15,25.84,26.44,809573,0
2015-10-19,26.17,26.55,25.86,25.95,471608,0
2015-10-20,25.75,26.64,25.69,26.39,460841,0
2015-10-21,26.46,27.09,26.23,26.47,512429,0
2015-10-22,26.71,28.0,26.54,27.32,930928,0
2015-10-23,27.75,27.97,27.41,27.56,726074,0
2015-10-26,27.53,27.85,27.42,27.51,698113,0
2015-10-27,27.11,27.41,26.53,27.19,656003,0
2015-10-28,26.41,27.79,26.24,27.39,1259224,0
2015-10-29,27.21,28.08,27.21,27.72,969594,0
2015-10-30,27.82,28.25,27.6,28.12,1347767,0
2015-11-02,28.11,28.81,27.71,28.77,1586346,0
2015-11-03,27.78,28.16,26.59,27.82,3938097,0
2015-11-04,27.45,28.31,27.34,27.68,1976585,0
2015-11-05,27.68,28.88,27.6,28.73,1369415,0
2015-11-06,28.36,28.82,27.75,28.82,1089652,0
2015-11-09,28.72,28.81,28.11,28.23,1089885,0
2015-11-10,28.03,28.52,27.79,28.47,1214741,0
2015-11-11,28.5,28.54,27.51,27.61,1005986,0
2015-11-12,27.19,27.4,26.06,26.17,1229869,0
2015-11-13,26.06,26.45,25.73,26.19,1227821,0
2015-11-16,26.18,26.82,26.11,26.8,671214,0
2015-11-17,26.79,26.96,26.19,26.5,606639,0
2015-11-18,26.69,27.45,26.69,27.39,550435,0
2015-11-19,27.26,27.63,27.02,27.55,569886,0
2015-11-20,27.7,27.93,27.41,27.57,494628,0
2015-11-23,27.39,28.0,27.32,27.59,432158,0
2015-11-24,27.59,28.56,27.32,28.41,703966,0
2015-11-25,28.36,28.53,28.17,28.34,523400,0
2015-11-27,28.29,28.51,28.08,28.44,214934,0
2015-11-30,28.6,29.26,28.19,29.25,1190031,0
2015-12-01,29.18,29.33,28.77,28.86,1012586,0
2015-12-02,28.73,29.06,28.29,28.42,749689,0
2015-12-03,28.5,28.52,27.77,27.99,642939,0
2015-12-04,27.66,27.89,27.14,27.55,780107,0
2015-12-07,27.13,27.13,26.39,26.5,914880,0
2015-12-08,26.07,26.21,25.4,25.68,1812615,0
2015-12-09,25.66,26.25,25.54,25.83,760202,0
2015-12-10,25.77,26.19,25.7,26.08,693058,0
2015-12-11,25.7,25.86,25.5,25.6,536338,0
2015-12-14,25.45,25.64,25.07,25.57,1163005,0
2015-12-15,21.64,22.64,20.12,20.71,8563280,0
2015-12-16,20.41,20.72,17.96,18.17,9196000,0
2015-12-17,18.14,18.86,17.87,17.94,3157954,0
2015-12-18,17.94,18.26,17.71,18.1,2865942,0
2015-12-21,18.17,18.53,17.85,18.51,1936116,0
2015-12-22,18.63,19.07,18.56,19.03,1840242,0
2015-12-23,19.12,19.89,19.12,19.86,2266753,0
2015-12-24,19.8,19.98,19.46,19.55,402086,0
2015-12-28,19.34,19.54,18.41,18.56,1961205,0
2015-12-29,18.92,19.16,18.61,19.16,913114,0
2015-12-30,18.99,19.38,18.99,19.25,909528,0
2015-12-31,18.81,19.67,18.81,19.2,1409223,0
2016-01-04,18.77,19.38,18.22,19.21,2307837,0
2016-01-05,19.18,19.26,17.97,18.59,2793818,0
2016-01-06,18.19,18.35,17.8,17.96,1633048,0
2016-01-07,17.62,17.8,17.24,17.26,1840015,0
2016-01-08,17.39,17.56,17.07,17.18,1675334,0
2016-01-11,17.29,17.29,16.7,17.08,2020743,0
2016-01-12,17.41,17.61,16.55,16.9,2087021,0
2016-01-13,17.28,17.35,16.56,16.61,1161720,0
2016-01-14,16.81,17.04,16.26,16.89,1786366,0
2016-01-15,16.3,16.71,16.0,16.68,1498541,0
2016-01-19,16.89,16.89,15.55,15.91,1780071,0
2016-01-20,15.44,16.16,15.11,16.0,2394301,0
2016-01-21,15.9,16.53,15.68,16.27,1700820,0
2016-01-22,16.77,17.22,16.18,16.69,2250963,0
2016-01-25,16.48,16.81,16.12,16.14,1910216,0
2016-01-26,16.37,16.91,16.1,16.78,1716706,0
2016-01-27,16.67,17.51,16.33,16.99,2248884,0
2016-01-28,17.5,17.56,16.71,16.87,1499689,0
2016-01-29,16.99,17.73,16.91,17.7,1740934,0
2016-02-01,17.75,18.17,17.28,17.97,1719595,0
2016-02-02,17.5,17.74,17.05,17.12,2232529,0
2016-02-03,17.8,18.04,16.39,17.53,3568652,0
2016-02-04,17.9,19.61,17.9,19.03,5711544,0
2016-02-05,18.98,19.97,18.88,19.01,4201122,0
2016-02-08,18.76,18.92,17.61,18.12,2274418,0
2016-02-09,17.78,17.86,17.19,17.56,2088717,0
2016-02-10,17.27,17.48,16.95,17.01,1888731,0
2016-02-11,16.91,18.15,16.82,17.4,1989549,0
2016-02-12,17.9,18.26,17.25,17.86,1800643,0
2016-02-16,18.19,18.66,17.73,18.52,1146305,0
2016-02-17,18.88,19.39,18.8,19.05,1033597,0
2016-02-18,19.16,19.75,18.76,19.74,1872012,0
2016-02-19,19.34,19.57,18.93,19.55,2487140,0
2016-02-22,19.89,20.27,19.61,19.84,1609668,0
2016-02-23,19.7,20.06,19.36,19.51,1394147,0
2016-02-24,19.12,19.62,18.82,19.54,971581,0
2016-02-25,19.56,19.77,19.25,19.58,756626,0
2016-02-26,19.76,20.1,19.5,19.75,1726081,0
2016-02-29,19.86,20.32,19.86,20.13,1241185,0
2016-03-01,20.27,20.94,19.84,20.87,1493554,0
2016-03-02,20.77,21.55,20.63,21.41,1395652,0
2016-03-03,21.35,21.87,21.27,21.43,1013325,0
2016-03-04,21.67,22.14,21.29,21.71,1409085,0
2016-03-07,21.81,22.71,21.81,22.71,1481153,0
2016-03-08,22.43,22.61,21.88,22.02,1378461,0
2016-03-09,22.25,22.36,21.62,22.02,939073,0
2016-03-10,22.02,22.05,21.32,21.81,1021996,0
2016-03-11,22.16,22.8,22.09,22.59,1044968,0
2016-03-14,22.37,22.71,22.14,22.37,725868,0
2016-03-15,22.0,22.03,21.39,21.64,1321116,0
2016-03-16,21.76,22.91,21.6,22.87,1154615,0
2016-03-17,23.4,23.61,22.85,23.42,1039118,0
2016-03-18,23.02,23.04,21.96,22.19,2428220,0
2016-03-21,22.14,22.64,22.07,22.57,1067662,0
2016-03-22,22.46,22.83,22.18,22.5,1294318,0
2016-03-23,22.29,22.64,21.78,21.79,1355279,0
2016-03-24,21.53,22.19,21.2,22.16,925780,0
2016-03-28,22.23,22.23,21.39,21.61,1178622,0
2016-03-29,21.43,22.35,21.29,22.28,1085156,0
2016-03-30,22.55,22.66,22.14,22.41,782773,0
2016-03-31,22.5,22.73,22.35,22.49,805595,0
2016-04-01,22.19,22.66,21.91,22.41,1359310,0
2016-04-04,22.48,22.83,22.01,22.09,1279789,0
2016-04-05,21.92,22.25,21.77,21.94,986592,0
2016-04-06,21.93,22.17,21.5,21.98,1066546,0
2016-04-07,21.84,22.19,21.75,21.89,1368351,0
2016-04-08,22.24,22.97,22.24,22.4,820599,0
2016-04-11,22.62,23.09,22.57,22.64,740816,0
2016-04-12,22.73,23.14,22.53,22.84,1419763,0
2016-04-13,23.31,23.71,22.99,23.57,1333029,0
2016-04-14,23.66,23.78,23.34,23.4,794941,0
2016-04-15,23.33,23.88,23.17,23.68,731962,0
2016-04-18,23.56,24.08,23.25,23.76,621772,0
2016-04-19,24.05,24.52,23.79,23.79,919142,0
2016-04-20,23.85,23.94,23.62,23.62,873717,0
2016-04-21,23.66,24.24,23.55,23.78,691958,0
2016-04-22,23.86,24.26,23.83,24.09,919364,0
2016-04-25,24.07,24.1,23.2,23.34,922352,0
2016-04-26,23.6,24.08,23.36,23.98,859463,0
2016-04-27,24.05,24.37,23.83,24.18,712344,0
2016-04-28,24.15,24.25,23.61,23.69,684613,0
2016-04-29,23.77,23.97,23.02,23.38,1732196,0
2016-05-02,23.44,23.89,22.86,23.71,1622769,0
2016-05-03,26.24,26.24,24.57,24.95,2299856,0
2016-05-04,24.6,25.19,24.03,24.12,1509680,0
2016-05-05,24.33,24.33,23.26,23.58,1967149,0
2016-05-06,23.5,23.99,23.3,23.75,1197339,0
2016-05-09,23.29,23.4,22.47,22.49,1477039,0
2016-05-10,22.59,23.18,22.59,23.17,1080077,0
2016-05-11,23.07,23.71,22.93,23.43,1093765,0
2016-05-12,23.64,23.87,23.1,23.47,996516,0
2016-05-13,23.47,24.08,23.03,23.13,735675,0
2016-05-16,23.43,23.79,23.36,23.41,645463,0
2016-05-17,23.4,24.22,23.4,23.6,781660,0
2016-05-18,23.42,23.7,22.72,23.03,822724,0
2016-05-19,22.71,22.86,22.4,22.81,806239,0
2016-05-20,22.97,23.33,22.7,23.31,1009776,0
2016-05-23,23.18,23.62,22.96,23.47,716578,0
2016-05-24,23.64,24.29,23.49,24.2,885048,0
2016-05-25,24.34,24.97,24.26,24.96,972291,0
2016-05-26,25.0,25.48,24.56,24.61,755743,0
2016-05-27,24.44,24.7,24.34,24.38,465509,0
2016-05-31,24.37,24.88,24.32,24.48,514014,0
2016-06-01,24.21,24.63,23.8,24.28,785565,0
2016-06-02,24.15,24.82,24.15,24.81,517759,0
2016-06-03,24.92,24.98,24.47,24.93,820357,0
2016-06-06,25.11,25.52,25.05,25.22,1208308,0
2016-06-07,25.26,25.75,25.26,25.33,986975,0
2016-06-08,25.53,25.59,25.12,25.35,943705,0
2016-06-09,25.02,25.02,24.6,24.92,709047,0
2016-06-10,24.57,24.68,24.07,24.11,852350,0
2016-06-13,24.0,24.25,23.7,23.78,974307,0
2016-06-14,23.67,23.87,23.22,23.72,979145,0
2016-06-15,23.86,24.32,23.63,23.82,659939,0
2016-06-16,23.58,24.28,23.18,24.11,1327676,0
2016-06-17,24.27,24.61,23.96,24.53,1224779,0
2016-06-20,24.87,25.44,24.87,24.98,981421,0
2016-06-21,24.84,24.88,24.11,24.11,1170210,0
2016-06-22,24.23,24.45,24.01,24.1,749622,0
2016-06-23,24.51,24.88,24.47,24.67,1420590,0
2016-06-24,23.52,23.57,22.32,22.4,8074866,0
2016-06-27,22.09,22.09,21.02,21.18,1459117,0
2016-06-28,21.57,21.98,20.98,21.25,1674037,0
2016-06-29,21.57,21.7,21.32,21.52,1158065,0
2016-06-30,21.62,22.14,21.44,22.11,1138956,0
2016-07-01,22.04,22.39,22.0,22.26,860185,0
2016-07-05,22.03,22.14,21.58,21.81,1201960,0
2016-07-06,21.54,21.54,20.55,21.23,2306491,0
2016-07-07,20.88,21.27,20.4,20.67,1787610,0
2016-07-08,20.95,21.94,20.9,21.81,1067967,0
2016-07-11,22.03,22.34,21.95,22.15,853542,0
2016-07-12,22.45,22.91,22.21,22.86,1160051,0
2016-07-13,23.11,23.13,22.56,22.81,1012283,0
2016-07-14,23.12,23.24,22.85,22.96,922719,0
2016-07-15,23.14,23.69,23.12,23.61,1479103,0
2016-07-18,23.51,23.8,23.33,23.7,775581,0
2016-07-19,23.51,23.69,23.28,23.5,782442,0
2016-07-20,23.42,23.8,23.26,23.72,615914,0
2016-07-21,23.78,24.35,23.76,24.02,1316888,0
2016-07-22,23.96,24.34,23.75,24.26,1205151,0
2016-07-25,24.17,24.17,23.8,23.96,857098,0
2016-07-26,24.03,25.19,24.01,25.14,1069645,0
2016-07-27,25.23,25.58,24.94,25.15,1703631,0
2016-07-28,25.09,25.13,24.55,24.76,846901,0
2016-07-29,24.68,25.0,24.41,24.86,1158454,0
2016-08-01,24.87,25.2,24.46,24.96,1719109,0
2016-08-02,25.19,26.45,24.91,25.35,3056585,0
2016-08-03,25.35,26.2,25.18,26.15,1497486,0
2016-08-04,26.04,26.81,26.04,26.44,960549,0
2016-08-05,26.55,27.67,26.55,27.57,1146447,0
2016-08-08,27.83,27.95,27.51,27.58,1207443,0
2016-08-09,27.61,28.11,27.42,27.59,1332131,0
2016-08-10,27.74,28.27,27.37,28.11,1331645,0
2016-08-11,28.61,29.17,28.01,28.81,1764356,0
2016-08-12,28.81,28.92,28.42,28.55,991262,0
2016-08-15,28.91,29.21,28.81,28.94,1264285,0
2016-08-16,28.9,29.01,28.73,28.8,571365,0
2016-08-17,28.72,28.74,28.42,28.58,785166,0
2016-08-18,28.58,28.72,28.23,28.71,834728,0
2016-08-19,28.52,28.93,28.44,28.89,782796,0
2016-08-22,28.51,28.8,28.42,28.71,711782,0
2016-08-23,28.85,29.31,28.78,28.87,869580,0
2016-08-24,28.75,28.94,28.43,28.49,724989,0
2016-08-25,28.47,28.58,28.27,28.45,1223151,0
2016-08-26,28.66,28.77,28.11,28.32,691960,0
2016-08-29,28.29,28.79,28.15,28.23,408455,0
2016-08-30,28.3,28.57,28.18,28.41,315011,0
2016-08-31,28.28,28.45,27.82,27.96,703076,0
2016-09-01,28.0,28.0,27.4,27.74,915706,0
2016-09-02,28.06,28.42,27.91,28.36,648931,0
2016-09-06,28.42,28.46,28.02,28.19,526710,0
2016-09-07,28.1,28.27,27.93,28.07,1081765,0
2016-09-08,28.12,28.22,27.9,27.92,551376,0
2016-09-09,27.6,27.68,26.61,26.62,854180,0
2016-09-12,26.1,27.48,26.1,27.4,1145155,0
2016-09-13,26.88,27.34,26.66,26.92,874303,0
2016-09-14,26.9,27.49,26.89,27.19,1409263,0
2016-09-15,27.26,27.69,27.17,27.59,932733,0
2016-09-16,27.31,27.48,27.0,27.19,945204,0
2016-09-19,27.6,27.72,27.38,27.46,731909,0
2016-09-20,27.68,27.94,27.56,27.56,886876,0
2016-09-21,27.9,28.31,27.57,28.28,758161,0
2016-09-22,28.7,28.7,28.27,28.52,693490,0
2016-09-23,28.28,28.48,27.85,27.86,460974,0
2016-09-26,27.73,28.06,27.57,27.73,562431,0
2016-09-27,27.55,27.91,27.39,27.84,832016,0
2016-09-28,28.24,28.77,27.94,28.76,778027,0
2016-09-29,28.76,28.98,28.33,28.51,854932,0
2016-09-30,28.71,29.35,28.52,29.02,1017476,0
2016-10-03,28.9,29.07,28.76,28.92,553441,0
2016-10-04,28.99,29.14,28.38,28.56,553050,0
2016-10-05,28.82,29.83,28.73,29.5,860951,0
2016-10-06,29.38,29.87,29.18,29.82,536917,0
2016-10-07,29.68,29.85,29.26,29.29,631529,0
2016-10-10,29.69,29.79,29.05,29.06,990578,0
2016-10-11,29.15,29.29,28.41,28.5,861106,0
2016-10-12,28.5,28.87,28.36,28.68,1644488,0
2016-10-13,28.16,28.51,28.07,28.2,1153096,0
2016-10-14,28.47,28.91,28.47,28.59,155419,0
2016-10-17,28.74,28.82,28.39,28.4,154424,0
2016-10-18,28.91,28.92,28.09,28.15,651082,0
2016-10-19,28.33,28.92,28.09,28.79,679630,0
2016-10-20,28.36,29.31,28.36,29.3,1259142,0
2016-10-21,28.88,29.51,28.83,29.47,1138331,0
2016-10-24,29.91,29.99,28.92,29.56,1129899,0
2016-10-25,29.3,29.64,28.41,29.49,3344407,0
2016-10-26,29.46,29.81,28.85,28.89,1740011,0
2016-10-27,28.13,28.55,26.79,26.96,2918490,0
2016-10-28,27.12,28.24,27.01,27.6,1475731,0
2016-10-31,28.18,28.65,28.0,28.31,1560904,0
2016-11-01,28.47,28.5,27.67,27.77,1438194,0
2016-11-02,27.74,27.98,27.64,27.77,750361,0
2016-11-03,27.85,28.42,27.55,28.13,883287,0
2016-11-04,28.14,29.0,27.95,28.43,1285829,0
2016-11-07,29.22,29.46,29.03,29.43,1211183,0
2016-11-08,29.23,29.45,29.02,29.08,1142458,0
2016-11-09,29.24,31.93,29.24,31.79,2625864,0
2016-11-10,32.4,34.18,32.1,33.72,3848415,0
2016-11-11,33.65,34.26,33.44,34.22,1859170,0
2016-11-14,34.35,35.37,34.15,34.51,1780081,0
2016-11-15,34.4,34.66,33.88,34.63,1156847,0
2016-11-16,34.29,34.69,34.0,34.36,1161408,0
2016-11-17,34.45,34.64,33.44,33.57,1301451,0
2016-11-18,33.44,33.55,33.19,33.28,886859,0
2016-11-21,33.62,33.83,33.41,33.67,1038272,0
2016-11-22,34.3,34.3,33.64,34.15,768885,0
2016-11-23,34.41,35.48,34.2,35.47,1222208,0
2016-11-25,35.47,35.51,35.11,35.5,399006,0
2016-11-28,35.35,35.35,34.32,34.33,796137,0
2016-11-29,34.24,34.24,33.64,33.67,653463,0
2016-11-30,34.84,34.89,34.1,34.49,839160,0
2016-12-01,35.12,35.66,34.53,34.67,727280,0
2016-12-02,34.62,34.72,33.86,34.17,861319,0
2016-12-05,35.09,35.09,33.98,34.14,668679,0
2016-12-06,33.85,33.85,33.22,33.64,1159832,0
2016-12-07,33.66,34.12,33.42,34.05,941800,0
2016-12-08,34.11,34.24,33.26,34.21,2055008,0
2016-12-09,33.67,33.97,33.49,33.75,1286919,0
2016-12-12,33.9,34.28,32.72,33.19,1248481,0
2016-12-13,33.41,33.56,32.62,32.88,1444961,0
2016-12-14,32.77,33.14,32.1,32.13,863917,0
2016-12-15,31.98,33.04,31.83,32.79,994393,0
2016-12-16,32.81,33.03,32.09,32.15,1702618,0
2016-12-19,32.18,32.65,31.89,32.47,635264,0
2016-12-20,33.27,33.88,32.46,33.63,1534867,0
2016-12-21,33.62,33.64,32.78,32.93,1146565,0
2016-12-22,32.86,33.06,31.98,32.5,891589,0
2016-12-23,32.45,32.97,32.36,32.5,318889,0
2016-12-27,32.55,32.77,32.22,32.45,404579,0
2016-12-28,32.55,32.7,31.42,31.54,437445,0
2016-12-29,31.55,31.74,31.24,31.52,358307,0
2016-12-30,31.61,31.69,31.12,31.26,396945,0
2017-01-03,31.92,32.7,31.28,31.9,737971,0
2017-01-04,32.06,32.46,31.77,32.4,701555,0
2017-01-05,32.29,33.19,32.1,32.32,705062,0
2017-01-06,32.44,32.58,32.02,32.21,433909,0
2017-01-09,32.06,32.25,31.4,31.73,570295,0
2017-01-10,32.81,34.18,32.46,33.78,1479978,0
2017-01-11,34.33,35.38,33.7,35.37,1553715,0
2017-01-12,35.41,35.43,33.87,34.56,756334,0
2017-01-13,35.2,36.12,34.9,35.24,964959,0
2017-01-17,35.0,35.0,34.02,34.28,642011,0
2017-01-18,34.13,34.7,34.13,34.61,849009,0
2017-01-19,34.8,35.31,34.17,34.46,645911,0
2017-01-20,34.53,34.77,34.39,34.69,779343,0
2017-01-23,34.54,34.75,33.71,34.22,850229,0
2017-01-24,34.76,36.06,34.12,35.75,541067,0
2017-01-25,36.0,36.78,35.97,36.62,1425053,0
2017-01-26,36.6,36.68,35.67,35.9,728475,0
2017-01-27,36.05,36.46,35.93,36.42,521107,0
2017-01-30,35.39,36.05,35.32,36.01,755856,0
2017-01-31,35.98,35.98,34.84,35.74,956983,0
2017-02-01,35.94,36.49,35.67,36.18,1403196,0
2017-02-02,36.54,38.49,36.22,36.71,2615442,0
2017-02-03,37.69,38.09,36.89,37.96,1700322,0
2017-02-06,37.7,38.04,37.45,37.82,908882,0
2017-02-07,37.51,38.32,37.51,37.6,749322,0
2017-02-08,37.46,37.51,36.84,36.92,1290929,0
2017-02-09,37.01,37.83,36.8,37.7,935446,0
2017-02-10,37.79,38.26,37.53,38.09,657754,0
2017-02-13,38.39,38.94,38.39,38.88,1016277,0
2017-02-14,38.59,38.74,38.22,38.68,1027548,0
2017-02-15,38.36,39.17,38.17,39.01,801141,0
2017-02-16,39.01,39.15,38.71,39.04,760080,0
2017-02-17,38.84,38.87,38.23,38.83,857709,0
2017-02-21,38.85,39.16,38.73,38.98,529032,0
2017-02-22,38.6,39.07,38.43,38.59,750261,0
2017-02-23,38.82,39.2,37.28,37.42,945155,0
2017-02-24,36.85,37.65,36.37,37.63,928380,0
2017-02-27,37.47,37.94,37.0,37.71,989998,0
2017-02-28,37.58,38.14,37.06,37.09,1502794,0
2017-03-01,38.05,39.94,38.05,39.16,1725789,0
2017-03-02,38.9,39.02,37.51,37.66,704054,0
2017-03-03,37.77,38.05,37.39,38.01,990355,0
2017-03-06,37.38,38.65,37.38,38.55,797096,0
2017-03-07,38.39,38.77,38.13,38.25,802709,0
2017-03-08,38.47,38.81,37.91,38.26,848642,0
2017-03-09,38.08,38.26,36.52,36.89,962710,0
2017-03-10,37.33,37.84,36.88,37.38,603951,0
2017-03-13,37.37,37.71,37.31,37.56,388334,0
2017-03-14,37.07,37.65,36.71,37.58,500899,0
2017-03-15,37.76,39.3,37.64,39.03,838391,0
2017-03-16,39.12,39.31,38.7,38.74,779833,0
2017-03-17,38.78,39.02,38.56,38.81,1126092,0
2017-03-20,38.86,38.9,38.12,38.54,698785,0
2017-03-21,39.12,39.12,37.18,37.38,616542,0
2017-03-22,37.18,37.52,36.86,37.13,846097,0
2017-03-23,37.22,37.58,36.9,37.27,509986,0
2017-03-24,37.34,37.74,36.75,37.08,647036,0
2017-03-27,35.71,36.78,35.58,36.71,685338,0
2017-03-28,36.64,37.66,36.48,37.58,356069,0
2017-03-29,37.54,38.42,37.54,38.33,560403,0
2017-03-30,38.32,38.74,38.14,38.73,589504,0
2017-03-31,38.52,39.45,38.28,39.23,914113,0
2017-04-03,39.32,39.47,38.3,38.61,1261893,0
2017-04-04,38.66,39.64,38.66,39.33,1374715,0
2017-04-05,39.75,39.93,38.64,38.85,811128,0
2017-04-06,38.96,39.52,38.48,39.23,568926,0
2017-04-07,39.22,39.85,38.98,39.31,712260,0
2017-04-10,39.33,40.21,39.33,39.48,875109,0
2017-04-11,39.46,39.82,38.99,39.78,442576,0
2017-04-12,39.5,39.5,37.29,37.33,1065118,0
2017-04-13,37.19,37.71,36.4,36.43,1102901,0
2017-04-17,36.72,37.38,36.4,37.29,1606296,0
2017-04-18,36.92,37.71,36.76,37.48,852380,0
2017-04-19,37.74,37.98,36.95,37.15,628770,0
2017-04-20,37.64,38.18,37.28,38.06,751025,0
2017-04-21,38.27,38.34,37.1,37.66,610518,0
2017-04-24,39.08,39.51,38.55,39.33,1087581,0
2017-04-25,40.0,40.92,39.96,40.48,1321201,0
2017-04-26,42.57,43.09,41.82,42.4,2137710,0
2017-04-27,42.4,42.99,41.54,41.62,1053139,0
2017-04-28,41.8,41.93,41.34,41.58,1086992,0
2017-05-01,41.9,41.9,41.23,41.52,931301,0
2017-05-02,41.58,42.08,41.23,41.5,767491,0
2017-05-03,41.01,41.31,40.62,41.2,1179598,0
2017-05-04,40.97,41.42,40.0,40.06,1357421,0
2017-05-05,40.19,40.43,39.69,40.12,909179,0
2017-05-08,39.88,40.02,39.31,39.55,907542,0
2017-05-09,39.74,39.86,38.95,39.25,890920,0
2017-05-10,39.33,40.15,39.29,39.77,914044,0
2017-05-11,39.64,39.64,38.59,39.1,591634,0
2017-05-12,38.93,38.93,38.04,38.45,711401,0
2017-05-15,38.99,39.36,38.09,38.48,888440,0
2017-05-16,38.75,38.98,37.61,38.42,880515,0
2017-05-17,37.54,37.75,37.07,37.11,850029,0
2017-05-18,36.78,37.38,36.14,37.15,869534,0
2017-05-19,37.48,38.78,37.46,38.35,898935,0
2017-05-22,38.63,38.8,37.97,38.72,669818,0
2017-05-23,38.81,39.24,38.27,39.0,796159,0
2017-05-24,39.07,39.18,38.43,38.8,793826,0
2017-05-25,39.29,39.29,38.35,38.67,507849,0
2017-05-26,38.56,38.87,38.4,38.78,476513,0
2017-05-30,38.62,38.94,38.4,38.67,329150,0
2017-05-31,38.17,38.68,37.66,38.47,609510,0
2017-06-01,38.6,39.46,38.32,39.05,604990,0
2017-06-02,39.1,39.8,38.74,39.6,806882,0
2017-06-05,39.42,39.43,38.89,39.11,483035,0
2017-06-06,38.73,39.33,38.21,39.16,727727,0
2017-06-07,39.24,39.72,38.76,39.18,878858,0
2017-06-08,39.14,40.89,38.83,40.75,715068,0
2017-06-09,40.74,41.93,40.74,41.91,1094848,0
2017-06-12,42.0,42.62,41.61,42.02,910632,0
2017-06-13,42.11,42.22,41.27,41.62,1099935,0
2017-06-14,41.63,41.63,39.93,40.13,855667,0
2017-06-15,39.37,40.8,39.37,40.79,460120,0
2017-06-16,40.51,41.05,40.22,40.58,836822,0
2017-06-19,40.58,41.33,40.58,40.82,532047,0
2017-06-20,40.51,40.75,39.38,39.45,965484,0
2017-06-21,39.55,39.55,36.98,37.0,1529255,0
2017-06-22,37.17,37.37,36.34,37.07,1738426,0
2017-06-23,37.16,38.08,36.57,37.91,3582473,0
2017-06-26,37.87,38.32,37.02,37.17,1080415,0
2017-06-27,37.28,37.39,36.86,37.04,869693,0
2017-06-28,37.56,38.44,37.18,38.18,768004,0
2017-06-29,38.01,38.42,37.06,37.27,928287,0
2017-06-30,37.64,37.86,37.19,37.42,843493,0
2017-07-03,37.83,38.62,37.45,38.42,335803,0
2017-07-05,38.32,38.53,37.8,38.33,474328,0
2017-07-06,37.9,39.18,37.9,38.31,662821,0
2017-07-07,38.36,38.99,38.01,38.94,518571,0
2017-07-10,38.78,39.78,38.57,39.24,673852,0
2017-07-11,39.21,39.65,38.78,39.23,396702,0
2017-07-12,39.6,39.89,38.52,38.53,1100615,0
2017-07-13,38.46,38.55,37.97,38.31,926168,0
2017-07-14,38.42,39.1,38.29,38.76,322513,0
2017-07-17,38.75,39.1,38.32,39.0,573630,0
2017-07-18,38.93,39.08,38.4,38.43,769812,0
2017-07-19,38.48,39.25,38.24,39.08,550755,0
2017-07-20,39.17,39.25,38.32,38.46,1011416,0
2017-07-21,38.35,38.35,37.36,37.88,908102,0
2017-07-24,37.89,38.35,37.54,38.28,514675,0
2017-07-25,38.89,39.56,38.67,39.44,1309082,0
2017-07-26,39.52,39.52,37.69,37.72,816098,0
2017-07-27,37.93,38.35,37.59,37.94,906608,0
2017-07-28,37.73,37.81,36.95,37.35,1121861,0
2017-07-31,37.49,37.49,36.7,36.9,895035,0
2017-08-01,36.97,37.64,36.33,37.5,1291237,0
2017-08-02,37.26,37.82,36.6,37.39,1221237,0
2017-08-03,32.85,35.75,32.23,35.47,3997900,0
2017-08-04,36.3,37.08,36.08,36.66,1979987,0
2017-08-07,36.56,36.9,36.41,36.75,1006818,0
2017-08-08,36.61,37.07,36.31,36.46,773724,0
2017-08-09,36.29,36.37,35.66,35.72,655274,0
2017-08-10,35.51,35.69,34.24,34.36,1527102,0
2017-08-11,34.05,34.62,33.48,34.08,1525561,0
2017-08-14,34.42,34.77,34.27,34.51,1130645,0
2017-08-15,34.5,34.79,33.81,33.97,1499772,0
2017-08-16,33.96,34.19,33.57,33.74,1698275,0
2017-08-17,34.08,34.27,33.39,33.41,1588920,0
2017-08-18,33.0,33.66,32.93,33.4,1139337,0
2017-08-21,33.49,33.82,33.38,33.48,1344247,0
2017-08-22,33.61,35.18,33.56,35.12,1528745,0
2017-08-23,34.76,35.0,34.74,34.77,813930,0
2017-08-24,34.81,34.87,34.03,34.58,635780,0
2017-08-25,34.8,35.51,34.8,35.2,997182,0
2017-08-28,35.36,35.57,34.29,34.74,966452,0
2017-08-29,34.26,34.66,34.02,34.42,990194,0
2017-08-30,34.37,35.35,34.33,35.23,1019880,0
2017-08-31,35.91,35.91,34.95,35.0,814379,0
2017-09-01,35.16,35.66,34.93,35.54,923406,0
2017-09-05,35.64,35.73,34.95,35.1,1079389,0
2017-09-06,35.33,35.4,34.72,34.85,628580,0
2017-09-07,34.87,35.12,34.03,34.41,524314,0
2017-09-08,34.4,35.34,34.35,35.28,485689,0
2017-09-11,35.65,36.25,35.43,36.2,907570,0
2017-09-12,36.43,37.01,36.4,36.98,880107,0
2017-09-13,36.89,37.37,36.76,37.16,593348,0
2017-09-14,37.14,37.14,36.45,36.52,484140,0
2017-09-15,36.63,37.99,36.39,37.74,1294547,0
2017-09-18,37.86,38.99,37.86,38.27,1086655,0
2017-09-19,38.27,39.11,38.12,39.0,1164203,0
2017-09-20,39.05,39.61,38.7,39.45,1132118,0
2017-09-21,39.4,39.43,38.98,39.01,830726,0
2017-09-22,39.0,39.66,38.81,39.32,731115,0
2017-09-25,39.36,39.63,38.97,39.47,568121,0
2017-09-26,39.56,39.71,39.26,39.48,1039121,0
2017-09-27,39.81,40.71,39.32,40.12,635331,0
2017-09-28,40.02,40.22,39.47,40.1,1085101,0
2017-09-29,40.08,40.78,39.91,40.34,905430,0
2017-10-02,40.27,40.88,40.07,40.88,616168,0
2017-10-03,41.0,41.09,40.7,40.99,581120,0
2017-10-04,41.0,41.3,40.6,40.82,459151,0
2017-10-05,40.89,41.05,40.49,40.64,420957,0
2017-10-06,40.18,40.82,39.89,40.51,809137,0
2017-10-09,40.59,40.82,40.24,40.57,454046,0
2017-10-10,41.08,41.25,40.4,40.61,564549,0
2017-10-11,40.67,41.29,40.6,41.03,607199,0
2017-10-12,40.95,41.81,40.95,41.76,695759,0
2017-10-13,41.99,42.34,41.64,42.23,829277,0
2017-10-16,42.73,42.85,42.08,42.4,679567,0
2017-10-17,42.79,42.79,42.24,42.36,525958,0
2017-10-18,42.49,42.67,42.12,42.19,898458,0
2017-10-19,41.9,42.3,41.63,42.3,361302,0
2017-10-20,42.51,42.99,42.38,42.79,418949,0
2017-10-23,42.83,42.86,42.01,42.34,500000,0
2017-10-24,42.88,43.62,42.73,43.2,916795,0
2017-10-25,43.04,43.04,42.1,42.58,546099,0
2017-10-26,42.79,43.02,42.53,42.84,234727,0
2017-10-27,42.7,43.01,42.22,43.01,685573,0
2017-10-30,42.71,42.91,42.42,42.57,1005483,0
2017-10-31,42.97,43.82,42.87,43.65,1099007,0
2017-11-01,43.99,43.99,42.78,43.34,1214962,0
2017-11-02,46.43,48.89,45.87,47.42,3108343,0
2017-11-03,47.5,47.5,46.39,46.78,1443672,0
2017-11-06,46.84,46.84,45.67,45.86,1134998,0
2017-11-07,46.01,46.1,45.15,45.38,766630,0
2017-11-08,45.4,45.47,44.73,44.89,873690,0
2017-11-09,44.0,44.78,43.72,44.13,849362,0
2017-11-10,44.02,44.38,43.7,44.06,560339,0
2017-11-13,43.37,43.88,43.18,43.73,610695,0
2017-11-14,43.4,43.72,43.21,43.56,580431,0
2017-11-15,42.82,42.98,42.26,42.34,804633,0
2017-11-16,42.54,43.53,42.54,43.07,800934,0
2017-11-17,42.81,43.82,42.7,43.78,586919,0
2017-11-20,43.78,44.15,43.72,44.09,534845,0
2017-11-21,44.3,44.74,44.3,44.74,462384,0
2017-11-22,45.23,45.23,44.27,44.37,512616,0
2017-11-24,44.86,45.23,44.3,44.63,277994,0
2017-11-27,44.64,44.81,44.02,44.7,868400,0
2017-11-28,44.67,45.79,44.34,45.7,755452,0
2017-11-29,45.69,45.97,45.03,45.39,510756,0
2017-11-30,45.64,46.78,45.41,46.62,862259,0
2017-12-01,46.55,46.67,44.75,46.58,858818,0
2017-12-04,46.95,47.39,46.41,46.46,980527,0
2017-12-05,46.41,46.57,45.58,45.78,817100,0
2017-12-06,45.48,45.9,45.19,45.44,568295,0
2017-12-07,45.35,45.8,44.95,45.65,631666,0
2017-12-08,46.05,46.14,45.42,45.57,592580,0
2017-12-11,45.6,46.15,45.26,45.96,1445536,0
2017-12-12,46.14,48.3,45.7,47.27,2504102,0
2017-12-13,47.75,48.91,47.69,48.31,1759025,0
2017-12-14,48.6,48.84,46.12,46.57,1088481,0
2017-12-15,46.71,47.7,46.58,46.78,1286361,0
2017-12-18,47.52,48.4,47.41,48.04,1196719,0
2017-12-19,48.28,48.64,47.97,48.38,697332,0
2017-12-20,48.73,49.31,48.31,48.33,1366051,0
2017-12-21,48.44,49.12,48.13,48.97,1098324,0
2017-12-22,48.72,49.0,47.59,48.57,566623,0
2017-12-26,48.3,48.57,48.15,48.5,519707,0
2017-12-27,48.6,48.95,48.3,48.53,554499,0
2017-12-28,48.48,48.73,47.88,48.46,476136,0
2017-12-29,48.64,48.96,48.17,48.41,386728,0
2018-01-02,48.61,49.65,48.38,49.32,846216,0
2018-01-03,49.41,49.58,48.85,49.48,629593,0
2018-01-04,49.75,50.19,49.47,50.0,741446,0
2018-01-05,50.25,51.07,49.73,50.24,832382,0
2018-01-08,50.12,50.34,49.72,50.29,395956,0
2018-01-09,50.37,51.01,50.02,50.79,618115,0
2018-01-10,50.53,50.81,49.76,50.28,788789,0
2018-01-11,50.49,51.41,50.3,51.38,517706,0
2018-01-12,51.62,52.35,51.35,51.92,698491,0
2018-01-16,52.12,52.52,50.51,50.95,1087515,0
2018-01-17,51.18,51.18,50.23,50.26,908419,0
2018-01-18,50.47,50.77,49.88,49.98,1019213,0
2018-01-19,50.09,51.25,49.8,51.25,911222,0
2018-01-22,51.45,51.57,50.27,50.92,979452,0
2018-01-23,50.65,50.86,48.9,49.16,1326654,0
2018-01-24,49.48,50.16,49.0,49.87,1792329,0
2018-01-25,50.18,50.18,49.11,49.72,989088,0
2018-01-26,49.85,49.97,49.23,49.78,498814,0
2018-01-29,49.83,50.25,49.54,49.57,1098017,0
2018-01-30,49.0,49.21,48.14,48.93,1203060,0
2018-01-31,49.24,49.42,48.52,48.78,954852,0
2018-02-01,48.48,49.36,47.95,49.21,1513474,0
2018-02-02,48.72,49.49,45.89,46.68,3186321,0
2018-02-05,45.03,46.01,43.85,44.47,2548041,0
2018-02-06,43.27,45.22,42.92,45.02,2518659,0
2018-02-07,44.62,45.18,43.94,44.11,1763882,0
2018-02-08,44.14,44.23,42.59,42.6,1466416,0
2018-02-09,43.25,43.45,40.84,42.59,2267009,0
2018-02-12,42.54,43.01,41.83,42.53,1319489,0
2018-02-13,42.05,43.09,41.9,43.0,1008769,0
2018-02-14,42.39,44.03,42.15,43.87,1210332,0
2018-02-15,43.99,44.22,43.14,44.19,838543,0
2018-02-16,43.93,44.67,43.75,44.25,1085364,0
2018-02-20,43.83,44.58,43.27,43.49,899784,0
2018-02-21,43.65,44.79,43.62,44.39,1084483,0
2018-02-22,44.63,45.43,44.45,44.65,828840,0
2018-02-23,45.05,45.23,43.57,43.98,911780,0
2018-02-26,44.2,44.36,43.32,44.13,966746,0
2018-02-27,43.99,44.56,43.12,43.15,789943,0
2018-02-28,43.12,43.12,41.14,41.2,1228579,0
2018-03-01,41.52,41.75,40.23,40.76,1320438,0
2018-03-02,40.26,41.19,39.51,41.03,1101084,0
2018-03-05,40.78,42.34,40.73,42.18,1212849,0
2018-03-06,42.4,43.56,42.4,43.22,825305,0
2018-03-07,42.78,43.76,42.63,43.62,971828,0
2018-03-08,43.82,44.01,42.96,43.83,538252,0
2018-03-09,44.3,45.72,44.17,45.61,860082,0
2018-03-12,45.61,45.91,44.66,45.02,788666,0
2018-03-13,45.27,45.51,44.7,44.89,919475,0
2018-03-14,45.27,45.27,43.64,43.9,1412691,0
2018-03-15,44.0,44.34,42.96,43.0,781061,0
2018-03-16,42.94,43.93,42.81,43.7,1205703,0
2018-03-19,43.5,43.69,42.16,42.95,683099,0
2018-03-20,43.25,44.42,43.13,43.13,670081,0
2018-03-21,43.47,44.28,43.27,43.69,654371,0
2018-03-22,43.05,43.08,41.22,41.5,1326166,0
2018-03-23,41.56,41.94,40.46,40.56,1427807,0
2018-03-26,41.51,41.78,40.15,41.7,922452,0
2018-03-27,41.7,41.7,40.43,40.63,944929,0
2018-03-28,40.63,40.88,39.4,39.51,1236125,0
2018-03-29,39.93,40.85,39.93,40.16,1696471,0
2018-04-02,40.11,40.2,38.02,38.58,1149828,0
2018-04-03,38.92,39.44,38.47,39.25,931664,0
2018-04-04,38.4,39.98,38.4,39.83,1346804,0
2018-04-05,40.05,41.19,40.05,40.79,846637,0
2018-04-06,40.32,40.64,38.77,39.21,1010085,0
2018-04-09,39.6,40.23,39.11,39.46,829296,0
2018-04-10,40.21,40.9,39.83,40.28,1109517,0
2018-04-11,39.92,40.4,39.7,40.05,499292,0
2018-04-12,40.29,40.78,40.1,40.58,612158,0
2018-04-13,40.89,40.92,39.84,39.99,874691,0
2018-04-16,40.37,40.65,40.13,40.26,934846,0
2018-04-17,40.6,41.01,40.2,40.42,851145,0
2018-04-18,40.84,41.38,40.52,41.07,729666,0
2018-04-19,41.07,41.51,40.33,40.41,766483,0
2018-04-20,40.27,40.5,39.49,40.05,1035133,0
2018-04-23,40.13,40.59,38.93,39.0,1096418,0
2018-04-24,39.44,39.78,36.55,37.29,1543892,0
2018-04-25,37.21,37.99,36.85,37.49,1006627,0
2018-04-26,37.62,37.62,36.61,36.93,1607371,0
2018-04-27,36.83,37.08,36.41,36.99,1530981,0
2018-04-30,37.12,37.41,36.45,36.45,884996,0
2018-05-01,36.22,36.93,35.48,36.81,1320446,0
2018-05-02,36.95,37.74,36.9,37.41,1490779,0
2018-05-03,37.51,38.02,34.37,36.85,2817096,0
2018-05-04,36.64,38.56,36.31,38.05,1581677,0
2018-05-07,38.29,39.33,38.26,38.98,813456,0
2018-05-08,38.95,39.61,38.93,39.52,866749,0
2018-05-09,39.67,39.99,39.17,39.9,649795,0
2018-05-10,40.14,40.16,39.68,40.04,1008124,0
2018-05-11,40.02,40.02,39.04,39.16,737296,0
2018-05-14,39.21,39.32,38.85,38.95,650409,0
2018-05-15,38.65,39.35,38.56,38.92,668000,0
2018-05-16,39.04,39.55,38.81,39.09,626525,0
2018-05-17,39.11,39.82,38.92,39.73,556766,0
2018-05-18,39.76,40.3,39.61,39.64,545861,0
2018-05-21,40.01,40.48,39.9,40.44,371086,0
2018-05-22,40.51,40.94,39.59,39.66,464191,0
2018-05-23,39.21,39.38,38.8,39.14,643857,0
2018-05-24,39.04,39.51,38.76,39.35,573858,0
2018-05-25,39.11,39.36,38.39,38.62,611924,0
2018-05-29,38.21,38.69,37.43,38.03,572132,0
2018-05-30,38.43,39.13,38.23,38.71,589161,0
2018-05-31,38.7,38.77,37.0,37.23,863276,0
2018-06-01,37.54,37.9,37.16,37.29,963712,0
2018-06-04,37.41,37.48,36.87,37.18,1033257,0
2018-06-05,37.23,37.97,37.23,37.92,903425,0
2018-06-06,38.09,38.59,37.85,38.54,443269,0
2018-06-07,38.57,38.98,38.46,38.56,379593,0
2018-06-08,38.53,38.81,38.29,38.78,478281,0
2018-06-11,38.86,39.18,38.67,38.93,357155,0
2018-06-12,38.91,39.18,38.48,38.68,923759,0
2018-06-13,38.73,38.73,38.07,38.11,370297,0
2018-06-14,38.28,38.61,37.76,38.29,568502,0
2018-06-15,37.93,38.02,36.97,37.65,1504304,0
2018-06-18,37.23,37.86,37.23,37.63,728333,0
2018-06-19,37.23,37.51,36.16,36.34,1244005,0
2018-06-20,36.72,37.64,36.37,37.43,1151888,0
2018-06-21,36.28,36.37,34.63,35.1,2833670,0
2018-06-22,35.59,36.66,35.57,36.14,2162905,0
2018-06-25,35.79,35.84,34.9,35.44,864626,0
2018-06-26,35.55,36.38,35.18,35.68,1186167,0
2018-06-27,36.02,36.65,35.73,35.89,1275129,0
2018-06-28,35.83,36.17,35.52,36.07,1054978,0
2018-06-29,36.21,37.07,35.88,35.9,649938,0
2018-07-02,35.32,35.76,34.87,35.62,550015,0
2018-07-03,35.87,36.13,35.38,35.48,292790,0
2018-07-05,35.76,35.91,35.35,35.76,451034,0
2018-07-06,35.69,35.85,35.37,35.66,455991,0
2018-07-09,35.8,36.74,35.8,36.46,703087,0
2018-07-10,36.54,37.15,36.4,36.99,759591,0
2018-07-11,36.5,36.65,36.0,36.12,954838,0
2018-07-12,36.38,36.62,35.6,36.15,682897,0
2018-07-13,36.23,37.25,36.23,36.94,529543,0
2018-07-16,36.94,37.11,36.0,36.25,1151060,0
2018-07-17,36.16,37.34,36.11,37.1,1207821,0
2018-07-18,37.12,37.86,36.65,37.58,731948,0
2018-07-19,37.39,38.19,37.01,37.98,850007,0
2018-07-20,37.95,38.04,37.28,37.42,1257248,0
2018-07-23,37.24,37.24,36.34,36.43,1468577,0
2018-07-24,36.95,37.38,36.32,36.44,2010995,0
2018-07-25,36.32,36.39,35.31,36.24,3841131,0
2018-07-26,36.26,38.22,36.26,37.8,1945102,0
2018-07-27,37.96,38.11,37.14,37.49,613898,0
2018-07-30,37.72,38.37,37.46,37.49,918362,0
2018-07-31,37.76,39.31,37.65,38.96,1357412,0
2018-08-01,38.75,38.75,37.51,37.74,1099463,0
2018-08-02,37.25,38.4,36.89,37.87,476141,0
2018-08-03,38.03,38.38,37.66,37.99,600003,0
2018-08-06,38.01,38.62,37.75,38.48,1187694,0
2018-08-07,41.06,43.0,40.03,41.03,1602827,0
2018-08-08,40.6,40.97,39.84,40.26,1109693,0
2018-08-09,40.34,40.56,39.69,39.72,667610,0
2018-08-10,39.39,39.47,38.82,38.83,724119,0
2018-08-13,38.79,38.83,38.2,38.59,668935,0
2018-08-14,38.7,39.55,38.52,38.8,995600,0
2018-08-15,38.16,38.17,37.2,38.05,924678,0
2018-08-16,38.28,38.67,38.06,38.63,606853,0
2018-08-17,38.5,39.37,38.34,39.19,430381,0
2018-08-20,39.44,39.87,39.39,39.75,361714,0
2018-08-21,39.82,40.84,39.77,40.81,763902,0
2018-08-22,40.76,40.98,40.3,40.39,1071491,0
2018-08-23,40.34,40.36,39.4,39.68,452520,0
2018-08-24,39.82,39.9,39.57,39.83,346310,0
2018-08-27,40.06,40.85,39.86,40.83,417785,0
2018-08-28,41.0,41.34,40.68,40.97,597210,0
2018-08-29,41.1,41.3,40.45,41.22,362693,0
2018-08-30,41.06,41.06,40.37,40.62,370882,0
2018-08-31,40.44,40.95,40.28,40.84,396588,0
2018-09-04,40.76,40.79,40.12,40.51,625714,0
2018-09-05,40.4,41.24,40.22,41.17,429665,0
2018-09-06,41.26,41.5,40.35,40.5,669512,0
2018-09-07,40.08,40.37,39.8,40.16,556405,0
2018-09-10,41.68,42.9,41.44,42.07,873300,0
2018-09-11,41.81,42.26,41.45,41.68,828116,0
2018-09-12,41.65,42.59,41.52,42.49,750385,0
2018-09-13,42.88,43.32,42.69,42.94,612141,0
2018-09-14,42.94,43.43,42.8,43.17,734753,0
2018-09-17,43.28,43.63,42.93,43.4,891677,0
2018-09-18,43.64,43.72,42.8,43.6,440564,0
2018-09-19,43.62,44.33,43.62,44.08,938206,0
2018-09-20,44.4,44.94,44.28,44.92,807124,0
2018-09-21,44.94,45.09,44.51,44.64,1446538,0
2018-09-24,44.62,44.91,43.73,44.74,855212,0
2018-09-25,44.8,45.05,44.38,44.89,713630,0
2018-09-26,44.89,44.96,44.05,44.24,314239,0
